TimeStamp,Msg_ID,ByteData,2021_06_03_10:50:33
68119 0x140 2 0 0 0 0 0 0 0
68119 0x140 3 0 0 0 0 0 0 0
69121 0x140 2 0 0 0 0 0 0 0
69121 0x140 3 0 0 0 0 0 0 0
70124 0x140 2 0 0 0 0 0 0 0
70124 0x140 3 0 0 0 0 0 0 0
71127 0x140 2 0 0 0 0 0 0 0
71127 0x140 3 0 0 0 0 0 0 0
72130 0x140 2 0 0 0 0 0 0 0
72130 0x140 3 0 0 0 0 0 0 0
73133 0x140 2 0 0 0 0 0 0 0
73133 0x140 3 0 0 0 0 0 0 0
74136 0x140 2 0 0 0 0 0 0 0
89087 0x144 0 0 0 0 0 0 0 0
109486 0x28 0 22 3A 0 0 0 0 0
110078 0x28 0 22 3A 0 0 0 0 0
110088 0x29 64 AF 64 BC 0 0 0 0
110098 0x2A 0 0 0 0 0 0 0 0
110108 0x2B 0 0 0 0 0 4 0 0
110118 0x2C 0 0 1 0 0 2 0 0
110128 0x2D 0 0 0 0 0 0 0 0
110138 0x2E 0 0 0 0 0 0 0 0
110148 0x33 0 8 0 7 0 1C 0 0
110158 0x118 0 21 0 22 8F BF 8F E7
110168 0x119 0 20 0 22 8F B3 8F FD
110178 0x11A 0 0 0 0 0 0 0 0
110188 0x11B 0 0 0 0 0 0 0 0
110198 0x11C 17 A 2 4 1F 2 1C 5
110208 0x11D 2 8 C 1 2 C 0 0
110218 0x11E 8 0 24 1 1 1 2 2
110228 0x11F 2 24 1 1 0 0 0 0
110238 0x120 0 0 0 1 5 3 1 0
110248 0x121 B 1C 1C 24 0 0 0 0
110258 0x122 0 0 0 0 0 0 0 0
110268 0x123 7 E5 6 3 E 19 E 0
110278 0x124 2 2 6 2 0 0 0 0
110288 0x125 7 E5 6 2 13 2D E 0
110298 0x126 7 E5 6 2 13 2A 5 0
110308 0x127 7 E5 6 2 12 28 35 0
110318 0x128 7 E5 6 2 10 1B 36 0
110328 0x129 0 0 0 0 0 0 0 0
110338 0x12A FD EF 0 0 0 D 0 0
113325 0x28 0 22 3A 0 0 0 0 0
114606 0x28 0 22 3A 0 0 0 0 0
114616 0x29 64 AF 64 BB 0 0 0 0
114626 0x2A 0 0 0 0 0 0 0 0
114636 0x2B 0 0 0 0 0 4 0 0
114646 0x2C 0 0 1 0 0 2 0 0
114656 0x2D 0 0 0 0 0 0 0 0
114666 0x2E 0 0 0 0 0 0 0 0
117164 0x33 0 8 0 7 0 1C 0 0
133145 0x28 0 22 3A 0 0 0 0 0
134991 0x29 64 AF 64 BB 0 0 0 0
135031 0x2D 0 0 0 0 0 0 0 0
135041 0x2E 0 0 0 0 0 0 0 0
135051 0x33 0 8 0 7 0 1C 0 0
135061 0x118 0 21 0 22 8F C0 8F E7
135101 0x11C 17 A 2 4 1F 2 1C 5
135111 0x11D 2 8 C 1 2 C 0 0
135123 0x11E 8 0 24 1 1 1 2 2
135131 0x11F 2 24 1 1 0 0 0 0
135141 0x120 0 0 0 1 5 3 1 0
135151 0x121 B 1C 1C 24 0 0 0 0
135161 0x122 0 0 0 0 0 0 0 0
135171 0x123 7 E5 6 3 E 19 E 0
135181 0x124 2 2 6 2 0 0 0 0
135191 0x125 7 E5 6 2 13 2D E 0
135201 0x126 7 E5 6 2 13 2A 5 0
135211 0x127 7 E5 6 2 12 28 35 0
136359 0x128 7 E5 6 2 10 1B 36 0
137244 0x28 0 22 3A 0 0 0 0 0
137253 0x29 64 AF 64 BC 0 0 0 0
137263 0x2A FF FF 0 0 0 0 0 0
137273 0x2B 0 0 0 0 0 4 0 0
137283 0x2C 0 0 1 0 0 2 0 0
137293 0x2D 0 0 0 0 0 0 0 0
137303 0x2E 0 0 0 0 0 0 0 0
137313 0x33 0 8 0 7 0 1C 0 0
137323 0x118 0 21 0 22 8F BF 8F E8
137333 0x119 0 20 0 22 8F B3 8F FF
137343 0x11A 0 0 0 0 0 0 0 0
137353 0x11B 0 0 0 0 0 0 0 0
137363 0x11C 17 A 2 4 1F 2 1C 5
137373 0x11D 2 8 C 1 2 C 0 0
137383 0x11E 8 0 24 1 1 1 2 2
137393 0x11F 2 24 1 1 0 0 0 0
137403 0x120 0 0 0 1 5 3 1 0
137413 0x121 B 1C 1C 24 0 0 0 0
137423 0x122 0 0 0 0 0 0 0 0
137433 0x123 7 E5 6 3 E 19 E 0
137443 0x124 2 2 6 2 0 0 0 0
137453 0x125 7 E5 6 2 13 2D E 0
137463 0x126 7 E5 6 2 13 2A 5 0
137473 0x127 7 E5 6 2 12 28 35 0
137483 0x128 7 E5 6 2 10 1B 36 0
137493 0x129 0 0 0 0 0 0 0 0
137503 0x12A FD EE 0 0 0 E 0 0
139510 0x28 0 22 3A 0 0 0 0 0
139517 0x29 64 AF 64 BC 0 0 0 0
139527 0x2A FF FF 0 0 0 0 0 0
139537 0x2B 1 0 0 0 0 4 0 0
139547 0x2C 0 0 1 0 0 2 0 0
139557 0x2D 0 0 0 0 0 0 0 0
139567 0x2E 0 0 0 0 0 0 0 0
139577 0x33 0 8 0 7 0 1C 0 0
139587 0x118 0 21 0 22 8F BF 8F E7
140199 0x119 0 20 0 22 8F B4 8F FE
141781 0x29 64 AF 64 BC 0 0 0 0
141791 0x2A 0 0 0 0 0 0 0 0
141821 0x2D 0 0 0 0 0 0 0 0
141831 0x2E 0 0 0 0 0 0 0 0
141841 0x33 0 8 0 7 0 1C 0 0
141851 0x118 0 21 0 22 8F C0 8F E7
141891 0x11C 17 A 2 4 1F 2 1C 5
141901 0x11D 2 8 C 1 2 C 0 0
141911 0x11E 8 0 24 1 1 1 2 2
141951 0x122 0 0 0 0 0 0 0 0
141971 0x124 2 2 6 2 0 0 0 0
141981 0x125 7 E5 6 2 13 2D E 0
141991 0x126 7 E5 6 2 13 2A 5 0
142001 0x127 7 E5 6 2 12 28 35 0
144037 0x28 0 22 3A 0 0 0 0 0
144045 0x29 64 AF 64 BC 0 0 0 0
144055 0x2A FF FF 0 0 0 0 0 0
144065 0x2B 1 0 0 0 0 4 0 0
144075 0x2C 0 0 1 0 0 2 0 0
144085 0x2D 0 0 0 0 0 0 0 0
144095 0x2E 0 0 0 0 0 0 0 0
144105 0x33 0 8 0 7 0 1C 0 0
144115 0x118 0 21 0 22 8F C0 8F E7
144125 0x119 0 20 0 22 8F B3 8F FE
144135 0x11A 0 0 0 0 0 0 0 0
144145 0x11B 0 0 0 0 0 0 0 0
144155 0x11C 17 A 2 4 1F 2 1C 5
144165 0x11D 2 8 C 1 2 C 0 0
144175 0x11E 8 0 24 1 1 1 2 2
144185 0x11F 2 24 1 1 0 0 0 0
144195 0x120 0 0 0 1 5 3 1 0
144205 0x121 B 1C 1C 24 0 0 0 0
144215 0x122 0 0 0 0 0 0 0 0
144225 0x123 7 E5 6 3 E 19 E 0
144235 0x124 2 2 6 2 0 0 0 0
144245 0x125 7 E5 6 2 13 2D E 0
144255 0x126 7 E5 6 2 13 2A 5 0
144265 0x127 7 E5 6 2 12 28 35 0
144275 0x128 7 E5 6 2 10 1B 36 0
144285 0x129 0 0 0 0 0 0 0 0
144295 0x12A FD EE 0 1 0 D 0 0
146307 0x29 64 AF 64 BC 0 0 0 0
146347 0x2D 0 0 0 0 0 0 0 0
146357 0x2E 0 0 0 0 0 0 0 0
146367 0x33 0 8 0 7 0 1C 0 0
146377 0x118 0 21 0 22 8F BF 8F E8
146417 0x11C 17 A 2 4 1F 2 1C 5
146427 0x11D 2 8 C 1 2 C 0 0
146437 0x11E 8 0 24 1 1 1 2 2
146477 0x122 0 0 0 0 0 0 0 0
146497 0x124 2 2 6 2 0 0 0 0
146507 0x125 7 E5 6 2 13 2D E 0
146517 0x126 7 E5 6 2 13 2A 5 0
146527 0x127 7 E5 6 2 12 28 35 0
148561 0x28 0 22 3A 0 0 0 0 0
148571 0x29 64 B0 64 BC 0 0 0 0
148581 0x2A 0 0 0 0 0 0 0 0
148591 0x2B 1 0 0 0 0 4 0 0
148601 0x2C 0 0 1 0 0 2 0 0
148611 0x2D 0 0 0 0 0 0 0 0
148621 0x2E 0 0 0 0 0 0 0 0
148631 0x33 0 8 0 7 0 1C 0 0
148641 0x118 0 21 0 22 8F C0 8F E8
148651 0x119 0 20 0 22 8F B3 8F FD
148661 0x11A 0 0 0 0 0 0 0 0
148671 0x11B 0 0 0 0 0 0 0 0
148681 0x11C 17 A 2 4 1F 2 1C 5
148691 0x11D 2 8 C 1 2 C 0 0
148701 0x11E 8 0 24 1 1 1 2 2
148711 0x11F 2 24 1 1 0 0 0 0
148721 0x120 0 0 0 1 5 3 1 0
148731 0x121 B 1C 1C 24 0 0 0 0
148741 0x122 0 0 0 0 0 0 0 0
148751 0x123 7 E5 6 3 E 19 E 0
148761 0x124 2 2 6 2 0 0 0 0
148771 0x125 7 E5 6 2 13 2D E 0
148781 0x126 7 E5 6 2 13 2A 5 0
148791 0x127 7 E5 6 2 12 28 35 0
148801 0x128 7 E5 6 2 10 1B 36 0
148811 0x129 0 0 0 0 0 0 0 0
148821 0x12A FD EE 0 1 0 E 0 0
151717 0x28 0 22 3A 0 0 0 0 0
153219 0x11D 2 8 C 1 2 C 0 0
153229 0x11E 8 0 24 1 1 1 2 2
153269 0x122 0 0 0 0 0 0 0 0
153289 0x124 2 2 6 2 0 0 0 0
153299 0x125 7 E5 6 2 13 2D E 0
153309 0x126 7 E5 6 2 13 2A 5 0
153319 0x127 7 E5 6 2 12 28 35 0
155353 0x28 0 22 3A 0 0 0 0 0
155361 0x29 64 AF 64 BC 0 0 0 0
155371 0x2A 0 0 0 0 0 0 0 0
155381 0x2B 0 0 0 0 0 4 0 0
155391 0x2C 0 0 1 0 0 2 0 0
155401 0x2D 0 0 0 0 0 0 0 0
155411 0x2E 0 0 0 0 0 0 0 0
155421 0x33 0 8 0 7 0 1C 0 0
155431 0x118 0 21 0 22 8F BF 8F E8
155441 0x119 0 20 0 22 8F B4 8F FD
155565 0x11A 0 0 0 0 0 0 0 0
155571 0x126 7 E5 6 2 13 2A 5 0
155581 0x127 7 E5 6 2 12 28 35 0
155591 0x128 7 E5 6 2 10 1B 36 0
155601 0x129 0 0 0 0 0 0 0 0
155611 0x12A FD EF 0 1 0 D 0 0
157625 0x29 64 B0 64 BC 0 0 0 0
157665 0x2D 0 0 0 0 0 0 0 0
157675 0x2E 0 0 0 0 0 0 0 0
157685 0x33 0 8 0 7 0 1C 0 0
157695 0x118 0 21 0 22 8F C0 8F E7
157735 0x11C 17 A 2 4 1F 2 1C 5
157745 0x11D 2 8 C 1 2 C 0 0
157755 0x11E 8 0 24 1 1 1 2 2
157795 0x122 0 0 0 0 0 0 0 0
157815 0x124 2 2 6 2 0 0 0 0
157825 0x125 7 E5 6 2 13 2D E 0
157835 0x126 7 E5 6 2 13 2A 5 0
157845 0x127 7 E5 6 2 12 28 35 0
159879 0x28 0 22 3A 0 0 0 0 0
159889 0x29 64 AF 64 BC 0 0 0 0
159899 0x2A 0 0 0 0 0 0 0 0
159909 0x2B 0 0 0 0 0 4 0 0
159919 0x2C 0 0 1 0 0 2 0 0
159929 0x2D 0 0 0 0 0 0 0 0
159939 0x2E 0 0 0 0 0 0 0 0
159949 0x33 0 8 0 7 0 1C 0 0
159959 0x118 0 21 0 22 8F BF 8F E7
159969 0x119 0 20 0 22 8F B4 8F FD
159979 0x11A 0 0 0 0 0 0 0 0
159989 0x11B 0 0 0 0 0 0 0 0
159999 0x11C 17 A 2 4 1F 2 1C 5
160009 0x11D 2 8 C 1 2 C 0 0
160019 0x11E 8 0 24 1 1 1 2 2
160029 0x11F 2 24 1 1 0 0 0 0
160039 0x120 0 0 0 1 5 3 1 0
160049 0x121 B 1C 1C 24 0 0 0 0
160059 0x122 0 0 0 0 0 0 0 0
160069 0x123 7 E5 6 3 E 19 E 0
160079 0x124 2 2 6 2 0 0 0 0
160089 0x125 7 E5 6 2 13 2D E 0
160099 0x126 7 E5 6 2 13 2A 5 0
160109 0x127 7 E5 6 2 12 28 35 0
160119 0x128 7 E5 6 2 10 1B 36 0
160129 0x129 0 0 0 0 0 0 0 0
160139 0x12A FD EE 0 0 0 D 0 0
162144 0x28 0 22 3A 0 0 0 0 0
162153 0x29 64 B0 64 BC 0 0 0 0
162163 0x2A 0 0 0 0 0 0 0 0
162173 0x2B 1 0 0 0 0 4 0 0
162183 0x2C 0 0 1 0 0 2 0 0
162193 0x2D 0 0 0 0 0 0 0 0
162203 0x2E 0 0 0 0 0 0 0 0
162213 0x33 0 8 0 7 0 1C 0 0
162223 0x118 0 21 0 22 8F BF 8F E8
162233 0x119 0 20 0 22 8F B3 8F FD
163232 0x11A 0 0 0 0 0 0 0 0
164405 0x28 0 22 3A 0 0 0 0 0
164414 0x29 64 B1 64 BC 0 0 0 0
164424 0x2A FF FF 0 0 0 0 0 0
164434 0x2B 0 0 0 0 0 4 0 0
164444 0x2C 0 0 1 0 0 2 0 0
164454 0x2D 0 0 0 0 0 0 0 0
164464 0x2E 0 0 0 0 0 0 0 0
164474 0x33 0 8 0 7 0 1C 0 0
164484 0x118 0 21 0 22 8F C0 8F E7
164494 0x119 0 20 0 22 8F B4 8F FD
164505 0x11A 0 0 0 0 0 0 0 0
164515 0x11B 0 0 0 0 0 0 0 0
164524 0x11C 17 A 2 4 1F 2 1C 5
164535 0x11D 2 8 C 1 2 C 0 0
164545 0x11E 8 0 24 1 1 1 2 2
164555 0x11F 2 24 1 1 0 0 0 0
164565 0x120 0 0 0 1 5 3 1 0
164575 0x121 B 1C 1C 24 0 0 0 0
164585 0x122 0 0 0 0 0 0 0 0
164605 0x124 2 2 6 2 0 0 0 0
164615 0x125 7 E5 6 2 13 2D E 0
164625 0x126 7 E5 6 2 13 2A 5 0
164635 0x127 7 E5 6 2 12 28 35 0
166672 0x28 0 22 3A 0 0 0 0 0
166679 0x29 64 AF 64 BC 0 0 0 0
166689 0x2A 0 0 0 0 0 0 0 0
166699 0x2B 1 0 0 0 0 4 0 0
166709 0x2C 0 0 1 0 0 2 0 0
166719 0x2D 0 0 0 0 0 0 0 0
166729 0x2E 0 0 0 0 0 0 0 0
166739 0x33 0 8 0 7 0 1C 0 0
166749 0x118 0 21 0 22 8F C0 8F E7
167071 0x119 0 20 0 22 8F B4 8F FE
168943 0x29 64 B0 64 BB 0 0 0 0
168953 0x2A 0 0 0 0 0 0 0 0
168983 0x2D 0 0 0 0 0 0 0 0
168993 0x2E 0 0 0 0 0 0 0 0
169003 0x33 0 8 0 7 0 1C 0 0
169013 0x118 0 21 0 22 8F BF 8F E7
169053 0x11C 17 A 2 4 1F 2 1C 5
169063 0x11D 2 8 C 1 2 C 0 0
169073 0x11E 8 0 24 1 1 1 2 2
169114 0x122 0 0 0 0 0 0 0 0
169134 0x124 2 2 6 2 0 0 0 0
169143 0x125 7 E5 6 2 13 2D E 0
169153 0x126 7 E5 6 2 13 2A 5 0
169164 0x127 7 E5 6 2 12 28 35 0
170128 0x2C0 0 E5 6 2 12 28 35 0
171126 0x2C0 0 E5 6 2 12 28 35 0
171198 0x28 0 22 3A 0 0 0 0 0
171207 0x29 64 AF 64 BC 0 0 0 0
171217 0x2A FF FF 0 0 0 0 0 0
171227 0x2B 1 0 0 0 0 4 0 0
171237 0x2C 0 0 1 0 0 2 0 0
171247 0x2D 0 0 0 0 0 0 0 0
171257 0x2E 0 0 0 0 0 0 0 0
171267 0x33 0 8 0 7 0 1C 0 0
171277 0x118 0 21 0 22 8F C0 8F E8
171287 0x119 0 20 0 22 8F B4 8F FE
171297 0x11A 0 0 0 0 0 0 0 0
171307 0x11B 0 0 0 0 0 0 0 0
171317 0x11C 17 A 2 4 1F 2 1C 5
171327 0x11D 2 8 C 1 2 C 0 0
171337 0x11E 8 0 24 1 1 1 2 2
171347 0x11F 2 24 1 1 0 0 0 0
171357 0x120 0 0 0 1 5 3 1 0
171367 0x121 B 1C 1C 24 0 0 0 0
171377 0x122 0 0 0 0 0 0 0 0
171387 0x123 7 E5 6 3 E 19 E 0
171397 0x124 2 2 6 2 0 0 0 0
171407 0x125 7 E5 6 2 13 2D E 0
171417 0x126 7 E5 6 2 13 2A 5 0
171427 0x127 7 E5 6 2 12 28 35 0
171437 0x128 7 E5 6 2 10 1B 36 0
171447 0x129 0 0 0 0 0 0 0 0
171457 0x12A FD EE 0 0 0 E 0 0
172126 0x2C0 0 EE 0 0 0 E 0 0
172779 0x2C2 0 EE 0 0 0 E 0 0
172795 0x2C8 0 0 4 0 16 17 16 AA
173127 0x2C0 0 0 4 0 16 17 16 AA
173461 0x28 0 22 3A 0 0 0 0 0
173470 0x29 64 AF 64 BC 0 0 0 0
173480 0x2A 0 0 0 0 0 0 0 0
173490 0x2B 0 0 0 0 0 4 0 0
173500 0x2C 0 0 1 0 0 2 0 0
173510 0x2D 0 0 0 0 0 0 0 0
173520 0x2E 0 0 0 0 0 0 0 0
173530 0x33 0 8 0 7 0 1C 0 0
173540 0x118 0 21 0 22 8F C0 8F E7
173550 0x119 0 20 0 22 8F B3 8F FF
173560 0x11A 0 0 0 0 0 0 0 0
173570 0x11B 0 0 0 0 0 0 0 0
173580 0x11C 17 A 2 4 1F 2 1C 5
173590 0x11D 2 8 C 1 2 C 0 0
173600 0x11E 8 0 24 1 1 1 2 2
173610 0x11F 2 24 1 1 0 0 0 0
173620 0x120 0 0 0 1 5 3 1 0
173630 0x121 B 1C 1C 24 0 0 0 0
173641 0x122 0 0 0 0 0 0 0 0
173650 0x123 7 E5 6 3 E 19 E 0
173661 0x124 2 2 6 2 0 0 0 0
173671 0x125 7 E5 6 2 13 2D E 0
173681 0x126 7 E5 6 2 13 2A 5 0
173691 0x127 7 E5 6 2 12 28 35 0
173701 0x128 7 E5 6 2 10 1B 36 0
173711 0x129 0 0 0 0 0 0 0 0
173721 0x12A FD EE 0 0 0 E 0 0
173859 0x2C8 0 0 0 0 16 16 16 AA
173932 0x2C2 0 0 0 0 16 16 16 AA
174127 0x2C0 1 0 0 0 16 16 16 AA
174922 0x2C8 0 0 0 0 16 16 16 AA
175085 0x2C2 0 0 0 0 16 16 16 AA
175127 0x2C0 0 0 0 0 16 16 16 AA
175725 0x28 0 22 3A 0 0 0 0 0
175734 0x29 64 AF 64 BC 0 0 0 0
175744 0x2A 0 0 0 0 0 0 0 0
175754 0x2B 1 0 0 0 0 4 0 0
175764 0x2C 0 0 1 0 0 2 0 0
175774 0x2D 0 0 0 0 0 0 0 0
175784 0x2E 0 0 0 0 0 0 0 0
175794 0x33 0 8 0 7 0 1C 0 0
175804 0x118 0 21 0 22 8F C0 8F E8
175814 0x119 0 20 0 22 8F B4 8F FD
175824 0x11A 0 0 0 0 0 0 0 0
175834 0x11B 0 0 0 0 0 0 0 0
175844 0x11C 17 A 2 4 1F 2 1C 5
175854 0x11D 2 8 C 1 2 C 0 0
175864 0x11E 8 0 24 1 1 1 2 2
175874 0x11F 2 24 1 1 0 0 0 0
175884 0x120 0 0 0 1 5 3 1 0
175894 0x121 B 1C 1C 24 0 0 0 0
175904 0x122 0 0 0 0 0 0 0 0
175914 0x123 7 E5 6 3 E 19 E 0
175924 0x124 2 2 6 2 0 0 0 0
175934 0x125 7 E5 6 2 13 2D E 0
175944 0x126 7 E5 6 2 13 2A 5 0
175954 0x127 7 E5 6 2 12 28 35 0
175964 0x128 7 E5 6 2 10 1B 36 0
175975 0x129 0 0 0 0 0 0 0 0
175984 0x12A FD EE 0 0 0 D 0 0
175988 0x2C8 0 0 E 0 16 16 16 AA
176127 0x2C0 1 0 E 0 16 16 16 AA
176238 0x2C2 1 0 E 0 16 16 16 AA
177053 0x2C8 0 0 4 0 16 16 16 AA
177127 0x2C0 0 0 4 0 16 16 16 AA
177391 0x2C2 0 0 4 0 16 16 16 AA
177989 0x28 0 22 3A 0 0 0 0 0
177998 0x29 64 AF 64 BC 0 0 0 0
178008 0x2A 0 0 0 0 0 0 0 0
178018 0x2B 0 0 0 0 0 4 0 0
178028 0x2C 0 0 1 0 0 2 0 0
178038 0x2D 0 0 0 0 0 0 0 0
178048 0x2E 0 0 0 0 0 0 0 0
178058 0x33 0 8 0 7 0 1C 0 0
178068 0x118 0 21 0 22 8F C0 8F E7
178078 0x119 0 20 0 22 8F B4 8F FE
178088 0x11A 0 0 0 0 0 0 0 0
178098 0x11B 0 0 0 0 0 0 0 0
178108 0x11C 17 A 2 4 1F 2 1C 5
178118 0x11D 2 8 C 1 2 C 0 0
178119 0x2C8 0 0 5C 0 16 16 16 AA
178127 0x2C0 1 0 5C 0 16 16 16 AA
178128 0x11E 8 0 24 1 1 1 2 2
178138 0x11F 2 24 1 1 0 0 0 0
178148 0x120 0 0 0 1 5 3 1 0
178158 0x121 B 1C 1C 24 0 0 0 0
178168 0x122 0 0 0 0 0 0 0 0
178178 0x123 7 E5 6 3 E 19 E 0
178188 0x124 2 2 6 2 0 0 0 0
178198 0x125 7 E5 6 2 13 2D E 0
178208 0x126 7 E5 6 2 13 2A 5 0
178218 0x127 7 E5 6 2 12 28 35 0
178228 0x128 7 E5 6 2 10 1B 36 0
178238 0x129 0 0 0 0 0 0 0 0
178248 0x12A FD EE 0 0 0 D 0 0
178544 0x2C2 FD EE 0 0 0 D 0 0
179127 0x2C0 0 EE 0 0 0 D 0 0
179182 0x2C8 0 0 0 0 16 16 16 AA
179697 0x2C2 0 0 0 0 16 16 16 AA
180127 0x2C0 1 0 0 0 16 16 16 AA
180246 0x2C8 0 0 0 0 16 16 16 AA
180254 0x28 0 22 3A 0 0 0 0 0
180263 0x29 64 B0 64 BC 0 0 0 0
180273 0x2A FF FF 0 0 0 0 0 0
180283 0x2B 1 0 0 0 0 4 0 0
180293 0x2C 0 0 1 0 0 2 0 0
180303 0x2D 0 0 0 0 0 0 0 0
180313 0x2E 0 0 0 0 0 0 0 0
180323 0x33 0 8 0 7 0 1C 0 0
180333 0x118 0 21 0 22 8F C0 8F E7
180343 0x119 0 20 0 22 8F B4 8F FF
180353 0x11A 0 0 0 0 0 0 0 0
180363 0x11B 0 0 0 0 0 0 0 0
180373 0x11C 17 A 2 4 1F 2 1C 5
180383 0x11D 2 8 C 1 2 C 0 0
180393 0x11E 8 0 24 1 1 1 2 2
180403 0x11F 2 24 1 1 0 0 0 0
180413 0x120 0 0 0 1 5 3 1 0
180423 0x121 B 1C 1C 24 0 0 0 0
180433 0x122 0 0 0 0 0 0 0 0
180443 0x123 7 E5 6 3 E 19 E 0
180453 0x124 2 2 6 2 0 0 0 0
180463 0x125 7 E5 6 2 13 2D E 0
180473 0x126 7 E5 6 2 13 2A 5 0
180483 0x127 7 E5 6 2 12 28 35 0
180493 0x128 7 E5 6 2 10 1B 36 0
180503 0x129 0 0 0 0 0 0 0 0
180513 0x12A FD EE 0 0 0 D 0 0
180850 0x2C2 FD EE 0 0 0 D 0 0
181127 0x2C0 0 EE 0 0 0 D 0 0
181311 0x2C8 0 0 3A 0 16 16 16 AA
182003 0x2C2 0 0 3A 0 16 16 16 AA
182127 0x2C0 1 0 3A 0 16 16 16 AA
182375 0x2C8 0 0 0 0 16 16 16 AA
182517 0x28 0 22 3A 0 0 0 0 0
182526 0x29 64 AF 64 BC 0 0 0 0
182536 0x2A FF FF 0 0 0 0 0 0
182546 0x2B 0 0 0 0 0 4 0 0
182556 0x2C 0 0 1 0 0 2 0 0
182566 0x2D 0 0 0 0 0 0 0 0
182576 0x2E 0 0 0 0 0 0 0 0
182586 0x33 0 8 0 7 0 1C 0 0
182596 0x118 0 21 0 22 8F C0 8F E8
182606 0x119 0 20 0 22 8F B3 8F FF
182616 0x11A 0 0 0 0 0 0 0 0
182626 0x11B 0 0 0 0 0 0 0 0
182636 0x11C 17 A 2 4 1F 2 1C 5
182646 0x11D 2 8 C 1 2 C 0 0
182656 0x11E 8 0 24 1 1 1 2 2
182666 0x11F 2 24 1 1 0 0 0 0
182676 0x120 0 0 0 1 5 3 1 0
182686 0x121 B 1C 1C 24 0 0 0 0
182696 0x122 0 0 0 0 0 0 0 0
182706 0x123 7 E5 6 3 E 19 E 0
182716 0x124 2 2 6 2 0 0 0 0
182726 0x125 7 E5 6 2 13 2D E 0
182736 0x126 7 E5 6 2 13 2A 5 0
182746 0x127 7 E5 6 2 12 28 35 0
182756 0x128 7 E5 6 2 10 1B 36 0
182766 0x129 0 0 0 0 0 0 0 0
182776 0x12A FD EE 0 0 0 D 0 0
183127 0x2C0 0 EE 0 0 0 D 0 0
183157 0x2C2 0 EE 0 0 0 D 0 0
183438 0x2C8 0 0 0 0 16 16 16 AA
184127 0x2C0 1 0 0 0 16 16 16 AA
184310 0x2C2 1 0 0 0 16 16 16 AA
184503 0x2C8 0 0 30 0 16 16 16 AA
184780 0x28 0 22 3A 0 0 0 0 0
184790 0x29 64 AF 64 BC 0 0 0 0
184800 0x2A 0 0 0 0 0 0 0 0
184810 0x2B 1 0 0 0 0 4 0 0
184820 0x2C 0 0 1 0 0 2 0 0
184830 0x2D 0 0 0 0 0 0 0 0
184840 0x2E 0 0 0 0 0 0 0 0
184850 0x33 0 8 0 7 0 1C 0 0
184860 0x118 0 21 0 22 8F C0 8F E8
184870 0x119 0 20 0 22 8F B4 8F FE
184880 0x11A 0 0 0 0 0 0 0 0
184890 0x11B 0 0 0 0 0 0 0 0
184900 0x11C 17 A 2 4 1F 2 1C 5
184910 0x11D 2 8 C 1 2 C 0 0
184920 0x11E 8 0 24 1 1 1 2 2
184930 0x11F 2 24 1 1 0 0 0 0
184940 0x120 0 0 0 1 5 3 1 0
184950 0x121 B 1C 1C 24 0 0 0 0
184960 0x122 0 0 0 0 0 0 0 0
184970 0x123 7 E5 6 3 E 19 E 0
184980 0x124 2 2 6 2 0 0 0 0
184990 0x125 7 E5 6 2 13 2D E 0
185000 0x126 7 E5 6 2 13 2A 5 0
185010 0x127 7 E5 6 2 12 28 35 0
185020 0x128 7 E5 6 2 10 1B 36 0
185030 0x129 0 0 0 0 0 0 0 0
185040 0x12A FD EF 0 0 0 E 0 0
185128 0x2C0 0 EF 0 0 0 E 0 0
185463 0x2C2 0 EF 0 0 0 E 0 0
185567 0x2C8 0 0 0 0 16 16 16 AA
186128 0x2C0 1 0 0 0 16 16 16 AA
186616 0x2C2 1 0 0 0 16 16 16 AA
186632 0x2C8 0 0 22 0 16 16 16 AA
187044 0x28 0 22 3A 0 0 0 0 0
187054 0x29 64 AF 64 BC 0 0 0 0
187064 0x2A FF FF 0 0 0 0 0 0
187074 0x2B 0 0 0 0 0 4 0 0
187084 0x2C 0 0 1 0 0 2 0 0
187094 0x2D 0 0 0 0 0 0 0 0
187104 0x2E 0 0 0 0 0 0 0 0
187114 0x33 0 8 0 7 0 1C 0 0
187124 0x118 0 21 0 22 8F C0 8F E7
187128 0x2C0 0 21 0 22 8F C0 8F E7
187134 0x119 0 20 0 22 8F B4 8F FE
187144 0x11A 0 0 0 0 0 0 0 0
187154 0x11B 0 0 0 0 0 0 0 0
187164 0x11C 17 A 2 4 1F 2 1C 5
187174 0x11D 2 8 C 1 2 C 0 0
187184 0x11E 8 0 24 1 1 1 2 2
187194 0x11F 2 24 1 1 0 0 0 0
187204 0x120 0 0 0 1 5 3 1 0
187214 0x121 B 1C 1C 24 0 0 0 0
187224 0x122 0 0 0 0 0 0 0 0
187234 0x123 7 E5 6 3 E 19 E 0
187244 0x124 2 2 6 2 0 0 0 0
187254 0x125 7 E5 6 2 13 2D E 0
187264 0x126 7 E5 6 2 13 2A 5 0
187274 0x127 7 E5 6 2 12 28 35 0
187284 0x128 7 E5 6 2 10 1B 36 0
187294 0x129 0 0 0 0 0 0 0 0
187304 0x12A FD EE 0 0 0 E 0 0
187696 0x2C8 0 0 0 0 16 16 16 AA
187769 0x2C2 0 0 0 0 16 16 16 AA
188128 0x2C0 1 0 0 0 16 16 16 AA
188761 0x2C8 0 0 49 0 16 16 16 AA
188922 0x2C2 0 0 49 0 16 16 16 AA
189128 0x2C0 0 0 49 0 16 16 16 AA
189309 0x28 0 22 3A 0 0 0 0 0
189318 0x29 64 B0 64 BC 0 0 0 0
189328 0x2A 0 0 0 0 0 0 0 0
189338 0x2B 1 0 0 0 0 4 0 0
189348 0x2C 0 0 1 0 0 2 0 0
189358 0x2D 0 0 0 0 0 0 0 0
189368 0x2E 0 0 0 0 0 0 0 0
189378 0x33 0 8 0 7 0 1C 0 0
189388 0x118 0 21 0 22 8F C0 8F E7
189398 0x119 0 20 0 22 8F B4 8F FE
189408 0x11A 0 0 0 0 0 0 0 0
189418 0x11B 0 0 0 0 0 0 0 0
189428 0x11C 17 A 2 4 1F 2 1C 5
189438 0x11D 2 8 C 1 2 C 0 0
189448 0x11E 8 0 24 1 1 1 2 2
189458 0x11F 2 24 1 1 0 0 0 0
189468 0x120 0 0 0 1 5 3 1 0
189478 0x121 B 1C 1C 24 0 0 0 0
189488 0x122 0 0 0 0 0 0 0 0
189498 0x123 7 E5 6 3 E 19 E 0
189508 0x124 2 2 6 2 0 0 0 0
189518 0x125 7 E5 6 2 13 2D E 0
189528 0x126 7 E5 6 2 13 2A 5 0
189538 0x127 7 E5 6 2 12 28 35 0
189548 0x128 7 E5 6 2 10 1B 36 0
189558 0x129 0 0 0 0 0 0 0 0
189568 0x12A FD EE 0 0 0 D 0 0
189826 0x2C8 0 0 22 0 16 16 16 AA
190075 0x2C2 0 0 22 0 16 16 16 AA
190128 0x2C0 1 0 22 0 16 16 16 AA
190890 0x2C8 0 0 0 0 16 16 16 AA
191128 0x2C0 0 0 0 0 16 16 16 AA
191229 0x2C2 0 0 0 0 16 16 16 AA
191570 0x28 0 22 3A 0 0 0 0 0
191580 0x29 64 AF 64 BC 0 0 0 0
191590 0x2A 0 0 0 0 0 0 0 0
191600 0x2B 0 0 0 0 0 4 0 0
191610 0x2C 0 0 1 0 0 2 0 0
191620 0x2D 0 0 0 0 0 0 0 0
191630 0x2E 0 0 0 0 0 0 0 0
191640 0x33 0 8 0 7 0 1C 0 0
191650 0x118 0 21 0 22 8F C0 8F E8
191660 0x119 0 20 0 22 8F B4 8F FD
191670 0x11A 0 0 0 0 0 0 0 0
191680 0x11B 0 0 0 0 0 0 0 0
191690 0x11C 17 A 2 4 1F 2 1C 5
191700 0x11D 2 8 C 1 2 C 0 0
191710 0x11E 8 0 24 1 1 1 2 2
191720 0x11F 2 24 1 1 0 0 0 0
191730 0x120 0 0 0 1 5 3 1 0
191740 0x121 B 1C 1C 24 0 0 0 0
191750 0x122 0 0 0 0 0 0 0 0
191760 0x123 7 E5 6 3 E 19 E 0
191770 0x124 2 2 6 2 0 0 0 0
191780 0x125 7 E5 6 2 13 2D E 0
191790 0x126 7 E5 6 2 13 2A 5 0
191800 0x127 7 E5 6 2 12 28 35 0
191810 0x128 7 E5 6 2 10 1B 36 0
191820 0x129 0 0 0 0 0 0 0 0
191830 0x12A FD EE 0 0 0 D 0 0
191953 0x2C8 0 0 0 0 16 16 16 AA
192128 0x2C0 1 0 0 0 16 16 16 AA
192382 0x2C2 1 0 0 0 16 16 16 AA
193018 0x2C8 0 0 4 0 16 16 16 AA
193128 0x2C0 0 0 4 0 16 16 16 AA
193535 0x2C2 0 0 4 0 16 16 16 AA
193834 0x28 0 22 3A 0 0 0 0 0
193844 0x29 64 AF 64 BC 0 0 0 0
193854 0x2A 0 0 0 0 0 0 0 0
193864 0x2B 1 0 0 0 0 4 0 0
193874 0x2C 0 0 1 0 0 2 0 0
193884 0x2D 0 0 0 0 0 0 0 0
193894 0x2E 0 0 0 0 0 0 0 0
193904 0x33 0 8 0 7 0 1C 0 0
193914 0x118 0 21 0 22 8F C0 8F E7
193924 0x119 0 20 0 22 8F B3 8F FD
193934 0x11A 0 0 0 0 0 0 0 0
193944 0x11B 0 0 0 0 0 0 0 0
193954 0x11C 17 A 2 4 1F 2 1C 5
193964 0x11D 2 8 C 1 2 C 0 0
193974 0x11E 8 0 24 1 1 1 2 2
193984 0x11F 2 24 1 1 0 0 0 0
193994 0x120 0 0 0 1 5 3 1 0
194004 0x121 B 1C 1C 24 0 0 0 0
194014 0x122 0 0 0 0 0 0 0 0
194024 0x123 7 E5 6 3 E 19 E 0
194034 0x124 2 2 6 2 0 0 0 0
194044 0x125 7 E5 6 2 13 2D E 0
194054 0x126 7 E5 6 2 13 2A 5 0
194064 0x127 7 E5 6 2 12 28 35 0
194074 0x128 7 E5 6 2 10 1B 36 0
194082 0x2C8 0 0 0 0 16 16 16 AA
194087 0x129 0 0 0 0 0 0 0 0
194094 0x12A FD EF 0 0 0 E 0 0
194128 0x2C0 5 EF 0 0 0 E 0 0
194688 0x2C2 5 EF 0 0 0 E 0 0
195128 0x2C0 4 EF 0 0 0 E 0 0
195146 0x2C8 0 0 0 0 16 16 16 AA
195841 0x2C2 0 0 0 0 16 16 16 AA
196098 0x28 0 22 3A 0 0 0 0 0
196108 0x29 64 B0 64 BC 0 0 0 0
196118 0x2A 0 0 0 0 0 0 0 0
196128 0x2B 0 0 0 0 0 4 0 0
196128 0x2C0 5 0 0 0 0 4 0 0
196138 0x2C 0 0 1 1 0 2 0 0
196148 0x2D 0 0 0 0 0 0 0 0
196158 0x2E 0 0 0 0 0 0 0 0
196168 0x33 0 8 0 7 0 1C 0 0
196178 0x118 0 21 0 22 8F C0 8F E7
196188 0x119 0 20 0 22 8F B4 8F FE
196198 0x11A 0 0 0 0 0 0 0 0
196208 0x11B 0 0 0 0 0 0 0 0
196209 0x2C8 0 0 0 0 16 16 16 AA
196218 0x11C 17 A 2 4 1F 2 1C 5
196228 0x11D 2 8 C 1 2 C 0 0
196238 0x11E 8 0 24 1 1 1 2 2
196248 0x11F 2 24 1 1 0 0 0 0
196258 0x120 0 0 0 1 5 3 1 0
196268 0x121 B 1C 1C 24 0 0 0 0
196278 0x122 0 0 0 0 0 0 0 0
196288 0x123 7 E5 6 3 E 19 E 0
196298 0x124 2 2 6 2 0 0 0 0
196308 0x125 7 E5 6 2 13 2D E 0
196318 0x126 7 E5 6 2 13 2A 5 0
196328 0x127 7 E5 6 2 12 28 35 0
196338 0x128 7 E5 6 2 10 1B 36 0
196348 0x129 0 0 0 0 0 0 0 0
196358 0x12A FD EF 0 0 0 D 0 0
196994 0x2C2 FD EF 0 0 0 D 0 0
197128 0x2C0 4 EF 0 0 0 D 0 0
197273 0x2C8 0 0 0 0 16 16 16 AA
198129 0x2C0 5 0 0 0 16 16 16 AA
198147 0x2C2 5 0 0 0 16 16 16 AA
198336 0x2C8 0 0 0 0 16 16 16 AA
198362 0x28 0 22 3A 1 0 0 0 0
198372 0x29 64 B0 64 B7 0 0 0 0
198382 0x2A 0 0 FF FF 0 0 0 0
198392 0x2B 1 0 0 0 0 4 0 0
198402 0x2C 0 0 1 1 0 2 0 0
198412 0x2D 0 0 0 0 0 0 0 0
198422 0x2E 0 0 0 0 0 0 0 0
198432 0x33 0 8 0 7 0 1C 0 0
198442 0x118 0 21 0 22 8F C3 8F EB
198452 0x119 0 20 0 22 8F AB 8F F7
198462 0x11A 0 0 0 0 0 0 0 0
198472 0x11B 0 0 0 0 0 0 0 0
198482 0x11C 17 A 2 4 1F 2 1C 5
198492 0x11D 2 8 C 1 2 C 0 0
198502 0x11E 8 0 24 1 1 1 2 2
198512 0x11F 2 24 1 1 0 0 0 0
198522 0x120 0 0 0 1 5 3 1 0
198532 0x121 B 1C 1C 24 0 0 0 0
198542 0x122 0 0 0 0 0 0 0 0
198552 0x123 7 E5 6 3 E 19 E 0
198562 0x124 2 2 6 2 0 0 0 0
198572 0x125 7 E5 6 2 13 2D E 0
198582 0x126 7 E5 6 2 13 2A 5 0
198592 0x127 7 E5 6 2 12 28 35 0
198602 0x128 7 E5 6 2 10 1B 36 0
198612 0x129 0 0 0 0 0 0 0 0
198622 0x12A FD EF 0 1 0 C 0 0
199130 0x2C0 4 EF 0 1 0 C 0 0
199300 0x2C2 4 EF 0 1 0 C 0 0
199400 0x2C8 0 0 0 0 16 16 16 AA
200130 0x2C0 5 0 0 0 16 16 16 AA
200453 0x2C2 5 0 0 0 16 16 16 AA
200463 0x2C8 0 0 0 0 16 16 16 AA
200624 0x28 0 22 3A 2 0 0 0 0
200634 0x29 64 B3 64 B7 0 0 0 0
200644 0x2A 0 1 FF FF 0 0 0 0
200654 0x2B 0 0 0 0 0 4 0 0
200664 0x2C 0 0 1 1 0 2 0 0
200674 0x2D 0 0 0 0 0 0 0 0
200684 0x2E 0 0 0 0 0 0 0 0
200694 0x33 0 8 0 7 0 1C 0 0
200704 0x118 0 21 0 22 8F C5 8F EC
200714 0x119 0 20 0 22 8F AA 8F F6
200724 0x11A 0 0 0 0 0 0 0 0
200734 0x11B 0 0 0 0 0 0 0 0
200744 0x11C 17 A 2 4 1F 2 1C 5
200754 0x11D 2 8 C 1 2 C 0 0
200764 0x11E 8 0 24 1 1 1 2 2
200774 0x11F 2 24 1 1 0 0 0 0
200784 0x120 0 0 0 1 5 3 1 0
200794 0x121 B 1C 1C 24 0 0 0 0
200804 0x122 0 0 0 0 0 0 0 0
200814 0x123 7 E5 6 3 E 19 E 0
200824 0x124 2 2 6 2 0 0 0 0
200834 0x125 7 E5 6 2 13 2D E 0
200844 0x126 7 E5 6 2 13 2A 5 0
200854 0x127 7 E5 6 2 12 28 35 0
200864 0x128 7 E5 6 2 10 1B 36 0
200874 0x129 0 0 0 0 0 0 0 0
200884 0x12A FD EF 0 1 0 C 0 0
201130 0x2C0 4 EF 0 1 0 C 0 0
201528 0x2C8 0 0 2B 0 16 17 16 AA
201606 0x2C2 0 0 2B 0 16 17 16 AA
202130 0x2C0 5 0 2B 0 16 17 16 AA
202594 0x2C8 0 0 3F 0 16 16 16 AA
202759 0x2C2 0 0 3F 0 16 16 16 AA
202888 0x28 0 22 3A 2 0 0 0 0
202897 0x29 64 B3 64 B7 0 0 0 0
202908 0x2A 0 1 FF FF 0 0 0 0
202918 0x2B 1 0 0 0 0 4 0 0
202928 0x2C 0 0 1 1 0 2 0 0
202938 0x2D 0 0 0 0 0 0 0 0
202948 0x2E 0 0 0 0 0 0 0 0
202958 0x33 0 8 0 7 0 1C 0 0
202968 0x118 0 21 0 22 8F C5 8F ED
202978 0x119 0 20 0 22 8F AB 8F F6
202988 0x11A 0 0 0 0 0 0 0 0
202998 0x11B 0 0 0 0 0 0 0 0
203008 0x11C 17 A 2 4 1F 2 1C 5
203018 0x11D 2 8 C 1 2 C 0 0
203028 0x11E 8 0 24 1 1 1 2 2
203038 0x11F 2 24 1 1 0 0 0 0
203048 0x120 0 0 0 1 5 3 1 0
203058 0x121 B 1C 1C 24 0 0 0 0
203068 0x122 0 0 0 0 0 0 0 0
203078 0x123 7 E5 6 3 E 19 E 0
203088 0x124 2 2 6 2 0 0 0 0
203098 0x125 7 E5 6 2 13 2D E 0
203108 0x126 7 E5 6 2 13 2A 5 0
203118 0x127 7 E5 6 2 12 28 35 0
203128 0x128 7 E5 6 2 10 1B 36 0
203133 0x2C0 4 E5 6 2 10 1B 36 0
203138 0x129 0 0 0 0 0 0 0 0
203148 0x12A FD EE 0 0 0 E 0 0
203659 0x2C8 0 0 9 0 16 16 16 AA
203912 0x2C2 0 0 9 0 16 16 16 AA
204130 0x2C0 5 0 9 0 16 16 16 AA
204723 0x2C8 0 0 0 0 16 16 16 AA
205065 0x2C2 0 0 0 0 16 16 16 AA
205130 0x2C0 4 0 0 0 16 16 16 AA
205152 0x28 0 22 3A 2 0 0 0 0
205161 0x29 64 B3 64 B7 0 0 0 0
205171 0x2A 0 1 FF FF 0 0 0 0
205181 0x2B 0 0 0 0 0 4 0 0
205191 0x2C 0 0 1 1 0 2 0 0
205201 0x2D 0 0 0 0 0 0 0 0
205211 0x2E 0 0 0 0 0 0 0 0
205221 0x33 0 8 0 7 0 1C 0 0
205231 0x118 0 21 0 22 8F C5 8F ED
205241 0x119 0 20 0 22 8F AB 8F F7
205251 0x11A 0 0 0 0 0 0 0 0
205261 0x11B 0 0 0 0 0 0 0 0
205271 0x11C 17 A 2 4 1F 2 1C 5
205281 0x11D 2 8 C 1 2 C 0 0
205291 0x11E 8 0 24 1 1 1 2 2
205301 0x11F 2 24 1 1 0 0 0 0
205311 0x120 0 0 0 1 5 3 1 0
205321 0x121 B 1C 1C 24 0 0 0 0
205332 0x122 0 0 0 0 0 0 0 0
205341 0x123 7 E5 6 3 E 19 E 0
205351 0x124 2 2 6 2 0 0 0 0
205361 0x125 7 E5 6 2 13 2D E 0
205371 0x126 7 E5 6 2 13 2A 5 0
205381 0x127 7 E5 6 2 12 28 35 0
205391 0x128 7 E5 6 2 10 1B 36 0
205402 0x129 0 0 0 0 0 0 0 0
205412 0x12A FD EE 0 0 0 E 0 0
205788 0x2C8 0 0 3A 0 16 16 16 AA
206130 0x2C0 5 0 3A 0 16 16 16 AA
206219 0x2C2 5 0 3A 0 16 16 16 AA
206853 0x2C8 0 0 92 0 16 16 16 AA
207130 0x2C0 4 0 92 0 16 16 16 AA
207372 0x2C2 4 0 92 0 16 16 16 AA
207417 0x28 0 22 3A 2 0 0 0 0
207426 0x29 64 B3 64 B7 0 0 0 0
207436 0x2A 0 1 FF FF 0 0 0 0
207446 0x2B 1 0 0 0 0 4 0 0
207456 0x2C 0 0 1 1 0 2 0 0
207466 0x2D 0 0 0 0 0 0 0 0
207476 0x2E 0 0 0 0 0 0 0 0
207486 0x33 0 8 0 7 0 1C 0 0
207496 0x118 0 21 0 22 8F C4 8F EE
207506 0x119 0 20 0 22 8F AB 8F F6
207516 0x11A 0 0 0 0 0 0 0 0
207526 0x11B 0 0 0 0 0 0 0 0
207536 0x11C 17 A 2 4 1F 2 1C 5
207546 0x11D 2 8 C 1 2 C 0 0
207556 0x11E 8 0 24 1 1 1 2 2
207566 0x11F 2 24 1 1 0 0 0 0
207576 0x120 0 0 0 1 5 3 1 0
207586 0x121 B 1C 1C 24 0 0 0 0
207596 0x122 0 0 0 0 0 0 0 0
207606 0x123 7 E5 6 3 E 19 E 0
207616 0x124 2 2 6 2 0 0 0 0
207626 0x125 7 E5 6 2 13 2D E 0
207636 0x126 7 E5 6 2 13 2A 5 0
207646 0x127 7 E5 6 2 12 28 35 0
207656 0x128 7 E5 6 2 10 1B 36 0
207667 0x129 0 0 0 0 0 0 0 0
207677 0x12A FD EE 0 0 0 D 0 0
207917 0x2C8 0 0 0 0 16 16 16 AA
208130 0x2C0 5 0 0 0 16 16 16 AA
208525 0x2C2 5 0 0 0 16 16 16 AA
208980 0x2C8 0 0 0 0 16 16 16 AA
209131 0x2C0 4 0 0 0 16 16 16 AA
209678 0x2C2 4 0 0 0 16 16 16 AA
209679 0x28 0 22 3A 2 0 0 0 0
209688 0x29 64 B3 64 B7 0 0 0 0
209698 0x2A 0 1 FF FF 0 0 0 0
209708 0x2B 0 0 0 0 0 4 0 0
209718 0x2C 0 0 1 1 0 2 0 0
209728 0x2D 0 0 0 0 0 0 0 0
209738 0x2E 0 0 0 0 0 0 0 0
209748 0x33 0 8 0 7 0 1C 0 0
209758 0x118 0 21 0 22 8F C4 8F ED
209768 0x119 0 20 0 22 8F AB 8F F6
209778 0x11A 0 0 0 0 0 0 0 0
209788 0x11B 0 0 0 0 0 0 0 0
209798 0x11C 17 A 2 4 1F 2 1C 5
209808 0x11D 2 8 C 1 2 C 0 0
209818 0x11E 8 0 24 1 1 1 2 2
209828 0x11F 2 24 1 1 0 0 0 0
209838 0x120 0 0 0 1 5 3 1 0
209848 0x121 B 1C 1C 24 0 0 0 0
209858 0x122 0 0 0 0 0 0 0 0
209868 0x123 7 E5 6 3 E 19 E 0
209878 0x124 2 2 6 2 0 0 0 0
209888 0x125 7 E5 6 2 13 2D E 0
209898 0x126 7 E5 6 2 13 2A 5 0
209908 0x127 7 E5 6 2 12 28 35 0
209918 0x128 7 E5 6 2 10 1B 36 0
209928 0x129 0 0 0 0 0 0 0 0
209938 0x12A FD EE 0 0 0 D 0 0
210044 0x2C8 0 0 0 0 16 16 17 AA
210130 0x2C0 5 0 0 0 16 16 17 AA
210831 0x2C2 5 0 0 0 16 16 17 AA
211107 0x2C8 0 0 0 0 16 17 16 AA
211131 0x2C0 4 0 0 0 16 17 16 AA
211943 0x28 0 22 3A 2 0 0 0 0
211952 0x29 64 B3 64 B7 0 0 0 0
211962 0x2A 0 1 FF FF 0 0 0 0
211972 0x2B 1 0 0 0 0 4 0 0
211982 0x2C 0 0 1 1 0 2 0 0
211984 0x2C2 0 0 1 1 0 2 0 0
211992 0x2D 0 0 0 0 0 0 0 0
212002 0x2E 0 0 0 0 0 0 0 0
212012 0x33 0 8 0 7 0 1C 0 0
212022 0x118 0 21 0 22 8F C4 8F EE
212032 0x119 0 20 0 22 8F AA 8F F5
212042 0x11A 0 0 0 0 0 0 0 0
212052 0x11B 0 0 0 0 0 0 0 0
212062 0x11C 17 A 2 4 1F 2 1C 5
212072 0x11D 2 8 C 1 2 C 0 0
212082 0x11E 8 0 24 1 1 1 2 2
212092 0x11F 2 24 1 1 0 0 0 0
212102 0x120 0 0 0 1 5 3 1 0
212112 0x121 B 1C 1C 24 0 0 0 0
212122 0x122 0 0 0 0 0 0 0 0
212131 0x2C0 5 0 0 0 0 0 0 0
212132 0x123 7 E5 6 3 E 19 E 0
212142 0x124 2 2 6 2 0 0 0 0
212152 0x125 7 E5 6 2 13 2D E 0
212162 0x126 7 E5 6 2 13 2A 5 0
212172 0x127 7 E5 6 2 12 28 35 0
212178 0x2C8 0 0 3F 0 16 17 16 AA
212182 0x128 7 E5 6 2 10 1B 36 0
212192 0x129 0 0 0 0 0 0 0 0
212202 0x12A FD EE 0 1 0 D 0 0
213131 0x2C0 4 EE 0 1 0 D 0 0
213137 0x2C2 4 EE 0 1 0 D 0 0
213237 0x2C8 0 0 0 0 16 16 16 AA
214131 0x2C0 5 0 0 0 16 16 16 AA
214207 0x28 0 22 3A 2 0 0 0 0
214216 0x29 64 B3 64 B7 0 0 0 0
214226 0x2A 0 1 FF FF 0 0 0 0
214236 0x2B 0 0 0 0 0 4 0 0
214246 0x2C 0 0 1 1 0 2 0 0
214256 0x2D 0 0 0 0 0 0 0 0
214266 0x2E 0 0 0 0 0 0 0 0
214276 0x33 0 8 0 7 0 1C 0 0
214286 0x118 0 21 0 22 8F C4 8F ED
214291 0x2C2 0 21 0 22 8F C4 8F ED
214296 0x119 0 20 0 22 8F AA 8F F7
214302 0x2C8 0 0 2B 0 16 16 16 AA
214306 0x11A 0 0 0 0 0 0 0 0
214316 0x11B 0 0 0 0 0 0 0 0
214326 0x11C 17 A 2 4 1F 2 1C 5
214336 0x11D 2 8 C 1 2 C 0 0
214346 0x11E 8 0 24 1 1 1 2 2
214356 0x11F 2 24 1 1 0 0 0 0
214366 0x120 0 0 0 1 5 3 1 0
214376 0x121 B 1C 1C 24 0 0 0 0
214386 0x122 0 0 0 0 0 0 0 0
214396 0x123 7 E5 6 3 E 19 E 0
214406 0x124 2 2 6 2 0 0 0 0
214416 0x125 7 E5 6 2 13 2D E 0
214426 0x126 7 E5 6 2 13 2A 5 0
214436 0x127 7 E5 6 2 12 28 35 0
214446 0x128 7 E5 6 2 10 1B 36 0
214456 0x129 0 0 0 0 0 0 0 0
214466 0x12A FD EE 0 0 0 D 0 0
215131 0x2C0 4 EE 0 0 0 D 0 0
215365 0x2C8 0 0 0 0 16 16 16 AA
215444 0x2C2 0 0 0 0 16 16 16 AA
216131 0x2C0 5 0 0 0 16 16 16 AA
216429 0x2C8 0 0 0 0 16 16 16 AA
216471 0x28 0 22 3A 2 0 0 0 0
216480 0x29 64 B3 64 B6 0 0 0 0
216490 0x2A 0 1 FF FF 0 0 0 0
216500 0x2B 1 0 0 0 0 4 0 0
216510 0x2C 0 0 1 1 0 2 0 0
216520 0x2D 0 0 0 0 0 0 0 0
216530 0x2E 0 0 0 0 0 0 0 0
216540 0x33 0 8 0 7 0 1C 0 0
216550 0x118 0 21 0 22 8F C4 8F ED
216560 0x119 0 20 0 22 8F AA 8F F6
216570 0x11A 0 0 0 0 0 0 0 0
216580 0x11B 0 0 0 0 0 0 0 0
216590 0x11C 17 A 2 4 1F 2 1C 5
216597 0x2C2 17 A 2 4 1F 2 1C 5
216600 0x11D 2 8 C 1 2 C 0 0
216610 0x11E 8 0 24 1 1 1 2 2
216620 0x11F 2 24 1 1 0 0 0 0
216630 0x120 0 0 0 1 5 3 1 0
216640 0x121 B 1C 1C 24 0 0 0 0
216650 0x122 0 0 0 0 0 0 0 0
216660 0x123 7 E5 6 3 E 19 E 0
216670 0x124 2 2 6 2 0 0 0 0
216680 0x125 7 E5 6 2 13 2D E 0
216690 0x126 7 E5 6 2 13 2A 5 0
216700 0x127 7 E5 6 2 12 28 35 0
216710 0x128 7 E5 6 2 10 1B 36 0
216720 0x129 0 0 0 0 0 0 0 0
216730 0x12A FD EF 0 0 0 D 0 0
217131 0x2C0 4 EF 0 0 0 D 0 0
217492 0x2C8 0 0 0 0 16 17 16 AA
217750 0x2C2 0 0 0 0 16 17 16 AA
218131 0x2C0 5 0 0 0 16 17 16 AA
218556 0x2C8 0 0 0 0 16 17 16 AA
218733 0x28 0 22 3A 2 0 0 0 0
218742 0x29 64 B3 64 B6 0 0 0 0
218752 0x2A 0 1 FF FF 0 0 0 0
218762 0x2B 0 0 0 0 0 4 0 0
218772 0x2C 0 0 1 1 0 2 0 0
218782 0x2D 0 0 0 0 0 0 0 0
218792 0x2E 0 0 0 0 0 0 0 0
218802 0x33 0 8 0 7 0 1C 0 0
218812 0x118 0 21 0 22 8F C4 8F EE
218822 0x119 0 20 0 22 8F AA 8F F5
218832 0x11A 0 0 0 0 0 0 0 0
218842 0x11B 0 0 0 0 0 0 0 0
218852 0x11C 17 A 2 4 1F 2 1C 5
218862 0x11D 2 8 C 1 2 C 0 0
218872 0x11E 8 0 24 1 1 1 2 2
218882 0x11F 2 24 1 1 0 0 0 0
218892 0x120 0 0 0 1 5 3 1 0
218902 0x121 B 1C 1C 24 0 0 0 0
218903 0x2C2 B 1C 1C 24 0 0 0 0
218912 0x122 0 0 0 0 0 0 0 0
218922 0x123 7 E5 6 3 E 19 E 0
218932 0x124 2 2 6 2 0 0 0 0
218942 0x125 7 E5 6 2 13 2D E 0
218952 0x126 7 E5 6 2 13 2A 5 0
218962 0x127 7 E5 6 2 12 28 35 0
218972 0x128 7 E5 6 2 10 1B 36 0
218982 0x129 0 0 0 0 0 0 0 0
218992 0x12A FD EF 0 0 0 D 0 0
219131 0x2C0 4 EF 0 0 0 D 0 0
219619 0x2C8 0 0 0 0 16 17 17 AA
220056 0x2C2 0 0 0 0 16 17 17 AA
220131 0x2C0 5 0 0 0 16 17 17 AA
220685 0x2C8 0 0 4 0 16 17 17 AA
220998 0x28 0 22 3A 2 0 0 0 0
221007 0x29 64 B4 64 B6 0 0 0 0
221017 0x2A 0 1 FF FF 0 0 0 0
221027 0x2B 1 0 0 0 0 4 0 0
221037 0x2C 0 0 1 1 0 2 0 0
221047 0x2D 0 0 0 0 0 0 0 0
221057 0x2E 0 0 0 0 0 0 0 0
221067 0x33 0 8 0 7 0 1C 0 0
221077 0x118 0 21 0 22 8F C6 8F ED
221087 0x119 0 20 0 22 8F AA 8F F5
221097 0x11A 0 0 0 0 0 0 0 0
221107 0x11B 0 0 0 0 0 0 0 0
221117 0x11C 17 A 2 4 1F 2 1C 5
221127 0x11D 2 8 C 1 2 C 0 0
221131 0x2C0 4 8 C 1 2 C 0 0
221137 0x11E 8 0 24 1 1 1 2 2
221147 0x11F 2 24 1 1 0 0 0 0
221157 0x120 0 0 0 1 5 3 1 0
221167 0x121 B 1C 1C 24 0 0 0 0
221177 0x122 0 0 0 0 0 0 0 0
221187 0x123 7 E5 6 3 E 19 E 0
221197 0x124 2 2 6 2 0 0 0 0
221207 0x125 7 E5 6 2 13 2D E 0
221209 0x2C2 7 E5 6 2 13 2D E 0
221217 0x126 7 E5 6 2 13 2A 5 0
221227 0x127 7 E5 6 2 12 28 35 0
221237 0x128 7 E5 6 2 10 1B 36 0
221247 0x129 0 0 0 0 0 0 0 0
221257 0x12A FD EE 0 0 0 D 0 0
221748 0x2C8 0 0 0 0 16 17 17 AA
222131 0x2C0 5 0 0 0 16 17 17 AA
222362 0x2C2 5 0 0 0 16 17 17 AA
222812 0x2C8 0 0 0 0 16 17 17 AA
223131 0x2C0 4 0 0 0 16 17 17 AA
223261 0x28 0 22 3A 2 0 0 0 0
223271 0x29 64 B4 64 B6 0 0 0 0
223281 0x2A 0 1 FF FF 0 0 0 0
223291 0x2B 0 0 0 0 0 4 0 0
223301 0x2C 0 0 1 1 0 2 0 0
223311 0x2D 0 0 0 0 0 0 0 0
223321 0x2E 0 0 0 0 0 0 0 0
223331 0x33 0 8 0 7 0 1C 0 0
223341 0x118 0 21 0 22 8F C5 8F EE
223351 0x119 0 20 0 22 8F AA 8F F5
223361 0x11A 0 0 0 0 0 0 0 0
223371 0x11B 0 0 0 0 0 0 0 0
223381 0x11C 17 A 2 4 1F 2 1C 5
223391 0x11D 2 8 C 1 2 C 0 0
223401 0x11E 8 0 24 1 1 1 2 2
223411 0x11F 2 24 1 1 0 0 0 0
223421 0x120 0 0 0 1 5 3 1 0
223431 0x121 B 1C 1C 24 0 0 0 0
223441 0x122 0 0 0 0 0 0 0 0
223451 0x123 7 E5 6 3 E 19 E 0
223461 0x124 2 2 6 2 0 0 0 0
223471 0x125 7 E5 6 2 13 2D E 0
223481 0x126 7 E5 6 2 13 2A 5 0
223491 0x127 7 E5 6 2 12 28 35 0
223501 0x128 7 E5 6 2 10 1B 36 0
223511 0x129 0 0 0 0 0 0 0 0
223515 0x2C2 0 0 0 0 0 0 0 0
223521 0x12A FD EF 0 1 0 E 0 0
223875 0x2C8 0 0 0 0 16 17 17 AA
224132 0x2C0 5 0 0 0 16 17 17 AA
224668 0x2C2 5 0 0 0 16 17 17 AA
224939 0x2C8 0 0 0 0 17 17 17 AA
225132 0x2C0 4 0 0 0 17 17 17 AA
225525 0x28 0 22 3A 2 0 0 0 0
225535 0x29 64 B4 64 B6 0 0 0 0
225545 0x2A 0 1 FF FF 0 0 0 0
225555 0x2B 1 0 0 0 0 4 0 0
225565 0x2C 0 0 1 1 0 2 0 0
225575 0x2D 0 0 0 0 0 0 0 0
225585 0x2E 0 0 0 0 0 0 0 0
225595 0x33 0 8 0 7 0 1C 0 0
225605 0x118 0 21 0 22 8F C5 8F EE
225615 0x119 0 20 0 22 8F A8 8F F5
225625 0x11A 0 0 0 0 0 0 0 0
225635 0x11B 0 0 0 0 0 0 0 0
225645 0x11C 17 A 2 4 1F 2 1C 5
225655 0x11D 2 8 C 1 2 C 0 0
225665 0x11E 8 0 24 1 1 1 2 2
225675 0x11F 2 24 1 1 0 0 0 0
225685 0x120 0 0 0 1 5 3 1 0
225695 0x121 B 1C 1C 24 0 0 0 0
225705 0x122 0 0 0 0 0 0 0 0
225715 0x123 7 E5 6 3 E 19 E 0
225725 0x124 2 2 6 2 0 0 0 0
225735 0x125 7 E5 6 2 13 2D E 0
225745 0x126 7 E5 6 2 13 2A 5 0
225755 0x127 7 E5 6 2 12 28 35 0
225765 0x128 7 E5 6 2 10 1B 36 0
225775 0x129 0 0 0 0 0 0 0 0
225785 0x12A FD EE 0 0 0 E 0 0
225822 0x2C2 FD EE 0 0 0 E 0 0
226004 0x2C8 0 0 2E 1 17 17 17 AA
226132 0x2C0 5 0 2E 1 17 17 17 AA
226975 0x2C2 5 0 2E 1 17 17 17 AA
227070 0x2C8 0 0 F4 0 17 17 17 AA
227132 0x2C0 4 0 F4 0 17 17 17 AA
227789 0x28 0 22 3A 2 0 0 0 0
227799 0x29 64 B3 64 B5 0 0 0 0
227809 0x2A 0 1 FF FF 0 0 0 0
227819 0x2B 0 0 0 0 0 4 0 0
227829 0x2C 0 0 1 1 0 2 0 0
227839 0x2D 0 0 0 0 0 0 0 0
227849 0x2E 0 0 0 0 0 0 0 0
227859 0x33 0 8 0 7 0 1C 0 0
227869 0x118 0 21 0 22 8F C3 8F ED
227879 0x119 0 20 0 22 8F A7 8F F6
227889 0x11A 0 0 0 0 0 0 0 0
227899 0x11B 0 0 0 0 0 0 0 0
227909 0x11C 17 A 2 4 1F 2 1C 5
227919 0x11D 2 8 C 1 2 C 0 0
227929 0x11E 8 0 24 1 1 1 2 2
227939 0x11F 2 24 1 1 0 0 0 0
227949 0x120 0 0 0 1 5 3 1 0
227959 0x121 B 1C 1C 24 0 0 0 0
227969 0x122 0 0 0 0 0 0 0 0
227979 0x123 7 E5 6 3 E 19 E 0
227989 0x124 2 2 6 2 0 0 0 0
227999 0x125 7 E5 6 2 13 2D E 0
228009 0x126 7 E5 6 2 13 2A 5 0
228019 0x127 7 E5 6 2 12 28 35 0
228029 0x128 7 E5 6 2 10 1B 36 0
228039 0x129 0 0 0 0 0 0 0 0
228049 0x12A FD EE 0 0 0 E 0 0
228128 0x2C2 FD EE 0 0 0 E 0 0
228132 0x2C0 5 EE 0 0 0 E 0 0
228134 0x2C8 0 0 0 0 17 17 17 AA
229132 0x2C0 4 0 0 0 17 17 17 AA
229199 0x2C8 0 0 8D 0 17 17 17 AA
229281 0x2C2 0 0 8D 0 17 17 17 AA
230054 0x28 0 22 3A 2 0 0 0 0
230064 0x29 64 B2 64 B6 0 0 0 0
230074 0x2A 0 1 FF FF 0 0 0 0
230084 0x2B 1 0 0 0 0 4 0 0
230094 0x2C 0 0 1 1 0 2 0 0
230104 0x2D 0 0 0 0 0 0 0 0
230114 0x2E 0 0 0 0 0 0 0 0
230124 0x33 0 8 0 7 0 1C 0 0
230132 0x2C0 5 8 0 7 0 1C 0 0
230134 0x118 0 21 0 22 8F C5 8F F3
230144 0x119 0 20 0 22 8F AA 8F F6
230154 0x11A 0 0 0 0 0 0 0 0
230164 0x11B 0 0 0 0 0 0 0 0
230174 0x11C 17 A 2 4 1F 2 1C 5
230184 0x11D 2 8 C 1 2 C 0 0
230194 0x11E 8 0 24 1 1 1 2 2
230204 0x11F 2 24 1 1 0 0 0 0
230214 0x120 0 0 0 1 5 3 1 0
230224 0x121 B 1C 1C 24 0 0 0 0
230234 0x122 0 0 0 0 0 0 0 0
230244 0x123 7 E5 6 3 E 19 E 0
230254 0x124 2 2 6 2 0 0 0 0
230264 0x2C8 0 0 0 0 17 17 17 AA
230265 0x125 7 E5 6 2 13 2D E 0
230274 0x126 7 E5 6 2 13 2A 5 0
230284 0x127 7 E5 6 2 12 28 35 0
230294 0x128 7 E5 6 2 10 1B 36 0
230304 0x129 0 0 0 0 0 0 0 0
230314 0x12A FD EE 0 0 0 D 0 0
230434 0x2C2 FD EE 0 0 0 D 0 0
231132 0x2C0 4 EE 0 0 0 D 0 0
231328 0x2C8 0 0 0 0 17 17 17 AA
231587 0x2C2 0 0 0 0 17 17 17 AA
232132 0x2C0 5 0 0 0 17 17 17 AA
232319 0x28 0 22 3A 2 0 0 0 0
232329 0x29 64 B1 64 B6 0 0 0 0
232339 0x2A 0 1 FF FF 0 0 0 0
232349 0x2B 0 0 0 0 0 4 0 0
232359 0x2C 0 0 1 1 0 2 0 0
232369 0x2D 0 0 0 0 0 0 0 0
232379 0x2E 0 0 0 0 0 0 0 0
232389 0x33 0 8 0 7 0 1C 0 0
232391 0x2C8 0 0 0 0 17 17 17 AA
232399 0x118 0 21 0 22 8F C5 8F EE
232409 0x119 0 20 0 22 8F A9 8F F5
232419 0x11A 0 0 0 0 0 0 0 0
232429 0x11B 0 0 0 0 0 0 0 0
232439 0x11C 17 A 2 4 1F 2 1C 5
232449 0x11D 2 8 C 1 2 C 0 0
232459 0x11E 8 0 24 1 1 1 2 2
232469 0x11F 2 24 1 1 0 0 0 0
232479 0x120 0 0 0 1 5 3 1 0
232489 0x121 B 1C 1C 24 0 0 0 0
232499 0x122 0 0 0 0 0 0 0 0
232509 0x123 7 E5 6 3 E 19 E 0
232519 0x124 2 2 6 2 0 0 0 0
232529 0x125 7 E5 6 2 13 2D E 0
232539 0x126 7 E5 6 2 13 2A 5 0
232549 0x127 7 E5 6 2 12 28 35 0
232559 0x128 7 E5 6 2 10 1B 36 0
232569 0x129 0 0 0 0 0 0 0 0
232579 0x12A FD EF 0 0 0 D 0 0
232740 0x2C2 FD EF 0 0 0 D 0 0
233132 0x2C0 4 EF 0 0 0 D 0 0
233459 0x2C8 0 0 42 1 17 17 17 AA
233893 0x2C2 0 0 42 1 17 17 17 AA
234132 0x2C0 5 0 42 1 17 17 17 AA
234520 0x2C8 0 0 0 0 17 17 17 AA
234583 0x28 0 22 3A 2 0 0 0 0
234593 0x29 64 B4 64 B5 0 0 0 0
234603 0x2A 0 1 FF FF 0 0 0 0
234613 0x2B 1 0 0 0 0 4 0 0
234623 0x2C 0 0 1 1 0 2 0 0
234633 0x2D 0 0 0 0 0 0 0 0
234643 0x2E 0 0 0 0 0 0 0 0
234653 0x33 0 8 0 7 0 1C 0 0
234663 0x118 0 21 0 22 8F C6 8F EC
234673 0x119 0 20 0 22 8F A7 8F F4
234683 0x11A 0 0 0 0 0 0 0 0
234693 0x11B 0 0 0 0 0 0 0 0
234703 0x11C 17 A 2 4 1F 2 1C 5
234713 0x11D 2 8 C 1 2 C 0 0
234723 0x11E 8 0 24 1 1 1 2 2
234733 0x11F 2 24 1 1 0 0 0 0
234743 0x120 0 0 0 1 5 3 1 0
234753 0x121 B 1C 1C 24 0 0 0 0
234763 0x122 0 0 0 0 0 0 0 0
234773 0x123 7 E5 6 3 E 19 E 0
234783 0x124 2 2 6 2 0 0 0 0
234793 0x125 7 E5 6 2 13 2D E 0
234803 0x126 7 E5 6 2 13 2A 5 0
234813 0x127 7 E5 6 2 12 28 35 0
234823 0x128 7 E5 6 2 10 1B 36 0
234833 0x129 0 0 0 0 0 0 0 0
234843 0x12A FD EE 0 0 0 E 0 0
235047 0x2C2 FD EE 0 0 0 E 0 0
235132 0x2C0 4 EE 0 0 0 E 0 0
235583 0x2C8 0 0 0 0 17 17 17 AA
236132 0x2C0 5 0 0 0 17 17 17 AA
236200 0x2C2 5 0 0 0 17 17 17 AA
236648 0x2C8 0 0 4E 0 17 17 17 AA
236845 0x28 0 22 3A 2 0 0 0 0
236855 0x29 64 B5 64 B6 0 0 0 0
236865 0x2A 0 1 FF FF 0 0 0 0
236875 0x2B 0 0 0 0 0 4 0 0
236885 0x2C 0 0 1 1 0 2 0 0
236895 0x2D 0 0 0 0 0 0 0 0
236905 0x2E 0 0 0 0 0 0 0 0
236915 0x33 0 8 0 7 0 1C 0 0
236925 0x118 0 21 0 22 8F C5 8F F0
236935 0x119 0 20 0 22 8F A9 8F F7
236945 0x11A 0 0 0 0 0 0 0 0
236955 0x11B 0 0 0 0 0 0 0 0
236965 0x11C 17 A 2 4 1F 2 1C 5
236975 0x11D 2 8 C 1 2 C 0 0
236985 0x11E 8 0 24 1 1 1 2 2
236995 0x11F 2 24 1 1 0 0 0 0
237005 0x120 0 0 0 1 5 3 1 0
237015 0x121 B 1C 1C 24 0 0 0 0
237025 0x122 0 0 0 0 0 0 0 0
237035 0x123 7 E5 6 3 E 19 E 0
237045 0x124 2 2 6 2 0 0 0 0
237055 0x125 7 E5 6 2 13 2D E 0
237065 0x126 7 E5 6 2 13 2A 5 0
237077 0x127 7 E5 6 2 12 28 35 0
237087 0x128 7 E5 6 2 10 1B 36 0
237097 0x129 0 0 0 0 0 0 0 0
237107 0x12A FD EE 0 0 0 E 0 0
237133 0x2C0 4 EE 0 0 0 E 0 0
237353 0x2C2 4 EE 0 0 0 E 0 0
237714 0x2C8 0 0 CD 2 17 17 17 AA
238133 0x2C0 5 0 CD 2 17 17 17 AA
238506 0x2C2 5 0 CD 2 17 17 17 AA
238780 0x2C8 0 0 C3 0 17 17 17 AA
239109 0x28 0 22 3A 2 0 0 0 0
239118 0x29 64 B4 64 B5 0 0 0 0
239128 0x2A 0 1 FF FF 0 0 0 0
239133 0x2C0 4 1 FF FF 0 0 0 0
239138 0x2B 1 0 0 0 0 4 0 0
239148 0x2C 0 0 1 1 0 2 0 0
239159 0x2D 0 0 0 0 0 0 0 0
239168 0x2E 0 0 0 0 0 0 0 0
239178 0x33 0 8 0 7 0 1C 0 0
239188 0x118 0 21 0 22 8F C5 8F EE
239198 0x119 0 20 0 22 8F A5 8F F4
239209 0x11A 0 0 0 0 0 0 0 0
239219 0x11B 0 0 0 0 0 0 0 0
239229 0x11C 17 A 2 4 1F 2 1C 5
239239 0x11D 2 8 C 1 2 C 0 0
239249 0x11E 8 0 24 1 1 1 2 2
239259 0x11F 2 24 1 1 0 0 0 0
239269 0x120 0 0 0 1 5 3 1 0
239279 0x121 B 1C 1C 24 0 0 0 0
239289 0x122 0 0 0 0 0 0 0 0
239299 0x123 7 E5 6 3 E 19 E 0
239309 0x124 2 2 6 2 0 0 0 0
239319 0x125 7 E5 6 2 13 2D E 0
239329 0x126 7 E5 6 2 13 2A 5 0
239339 0x127 7 E5 6 2 12 28 35 0
239349 0x128 7 E5 6 2 10 1B 36 0
239359 0x129 0 0 0 0 0 0 0 0
239369 0x12A FD ED 0 0 0 D 0 0
239659 0x2C2 FD ED 0 0 0 D 0 0
239844 0x2C8 0 0 A6 0 17 17 17 AA
240133 0x2C0 5 0 A6 0 17 17 17 AA
240812 0x2C2 5 0 A6 0 17 17 17 AA
240912 0x2C8 0 0 92 0 17 17 17 AA
241133 0x2C0 4 0 92 0 17 17 17 AA
241373 0x28 0 22 3A 2 0 0 0 0
241382 0x29 64 B2 64 B7 0 0 0 0
241392 0x2A 0 1 FF FF 0 0 0 0
241402 0x2B 0 0 0 0 0 4 0 0
241412 0x2C 0 0 1 1 0 2 0 0
241422 0x2D 0 0 0 0 0 0 0 0
241432 0x2E 0 0 0 0 0 0 0 0
241442 0x33 0 8 0 7 0 1C 0 0
241452 0x118 0 21 0 22 8F C5 8F ED
241462 0x119 0 20 0 22 8F AA 8F FA
241472 0x11A 0 0 0 0 0 0 0 0
241482 0x11B 0 0 0 0 0 0 0 0
241492 0x11C 17 A 2 4 1F 2 1C 5
241502 0x11D 2 8 C 1 2 C 0 0
241512 0x11E 8 0 24 1 1 1 2 2
241522 0x11F 2 24 1 1 0 0 0 0
241532 0x120 0 0 0 1 5 3 1 0
241542 0x121 B 1C 1C 24 0 0 0 0
241553 0x122 0 0 0 0 0 0 0 0
241562 0x123 7 E5 6 3 E 19 E 0
241573 0x124 2 2 6 2 0 0 0 0
241582 0x125 7 E5 6 2 13 2D E 0
241592 0x126 7 E5 6 2 13 2A 5 0
241603 0x127 7 E5 6 2 12 28 35 0
241613 0x128 7 E5 6 2 10 1B 36 0
241623 0x129 0 0 0 0 0 0 0 0
241633 0x12A FD EF 0 0 0 D 0 0
241965 0x2C2 FD EF 0 0 0 D 0 0
241974 0x2C8 0 0 0 0 17 17 17 AA
242133 0x2C0 5 0 0 0 17 17 17 AA
243039 0x2C8 0 0 F9 0 17 17 17 AA
243118 0x2C2 0 0 F9 0 17 17 17 AA
243133 0x2C0 4 0 F9 0 17 17 17 AA
243637 0x28 0 22 3A 2 0 0 0 0
243646 0x29 64 B4 64 B6 0 0 0 0
243656 0x2A 0 1 FF FF 0 0 0 0
243666 0x2B 1 0 0 0 0 4 0 0
243676 0x2C 0 0 1 1 0 2 0 0
243686 0x2D 0 0 0 0 0 0 0 0
243696 0x2E 0 0 0 0 0 0 0 0
243706 0x33 0 8 0 7 0 1C 0 0
243716 0x118 0 21 0 22 8F C5 8F EF
243726 0x119 0 20 0 22 8F AA 8F F5
243736 0x11A 0 0 0 0 0 0 0 0
243746 0x11B 0 0 0 0 0 0 0 0
243756 0x11C 17 A 2 4 1F 2 1C 5
243766 0x11D 2 8 C 1 2 C 0 0
243776 0x11E 8 0 24 1 1 1 2 2
243786 0x11F 2 24 1 1 0 0 0 0
243796 0x120 0 0 0 1 5 3 1 0
243806 0x121 B 1C 1C 24 0 0 0 0
243816 0x122 0 0 0 0 0 0 0 0
243826 0x123 7 E5 6 3 E 19 E 0
243836 0x124 2 2 6 2 0 0 0 0
243846 0x125 7 E5 6 2 13 2D E 0
243856 0x126 7 E5 6 2 13 2A 5 0
243866 0x127 7 E5 6 2 12 28 35 0
243876 0x128 7 E5 6 2 10 1B 36 0
243887 0x129 0 0 0 0 0 0 0 0
243896 0x12A FD EE 0 1 0 E 0 0
244104 0x2C8 0 0 55 1 17 17 17 AA
244133 0x2C0 5 0 55 1 17 17 17 AA
244272 0x2C2 5 0 55 1 17 17 17 AA
245133 0x2C0 4 0 55 1 17 17 17 AA
245169 0x2C8 0 0 0 0 17 17 17 AA
245425 0x2C2 0 0 0 0 17 17 17 AA
245900 0x28 0 22 3A 2 0 0 0 0
245909 0x29 64 B3 64 B7 0 0 0 0
245919 0x2A 0 1 FF FF 0 0 0 0
245929 0x2B 0 0 0 0 0 4 0 0
245939 0x2C 0 0 1 1 0 2 0 0
245949 0x2D 0 0 0 0 0 0 0 0
245959 0x2E 0 0 0 0 0 0 0 0
245969 0x33 0 8 0 7 0 1C 0 0
245979 0x118 0 21 0 22 8F C5 8F F2
245989 0x119 0 20 0 22 8F AB 8F F5
246000 0x11A 0 0 0 0 0 0 0 0
246009 0x11B 0 0 0 0 0 0 0 0
246019 0x11C 17 A 2 4 1F 2 1C 5
246029 0x11D 2 8 C 1 2 C 0 0
246039 0x11E 8 0 24 1 1 1 2 2
246049 0x11F 2 24 1 1 0 0 0 0
246059 0x120 0 0 0 1 5 3 1 0
246069 0x121 B 1C 1C 24 0 0 0 0
246080 0x122 0 0 0 0 0 0 0 0
246091 0x123 7 E5 6 3 E 19 E 0
246101 0x124 2 2 6 2 0 0 0 0
246111 0x125 7 E5 6 2 13 2D E 0
246121 0x126 7 E5 6 2 13 2A 5 0
246131 0x127 7 E5 6 2 12 28 35 0
246133 0x2C0 5 E5 6 2 12 28 35 0
246141 0x128 7 E5 6 2 10 1B 36 0
246152 0x129 0 0 0 0 0 0 0 0
246162 0x12A FD EE 0 1 0 E 0 0
246232 0x2C8 0 0 0 0 16 17 17 AA
246578 0x2C2 0 0 0 0 16 17 17 AA
247133 0x2C0 4 0 0 0 16 17 17 AA
247296 0x2C8 0 0 0 0 17 17 17 AA
247731 0x2C2 0 0 0 0 17 17 17 AA
248133 0x2C0 5 0 0 0 17 17 17 AA
248164 0x28 0 22 3A 2 0 0 0 0
248173 0x29 64 B4 64 B6 0 0 0 0
248184 0x2A 0 1 FF FF 0 0 0 0
248193 0x2B 1 0 0 0 0 4 0 0
248203 0x2C 0 0 1 1 0 2 0 0
248213 0x2D 0 0 0 0 0 0 0 0
248223 0x2E 0 0 0 0 0 0 0 0
248233 0x33 0 8 0 7 0 1C 0 0
248243 0x118 0 21 0 22 8F C5 8F EC
248253 0x119 0 20 0 22 8F A9 8F F4
248263 0x11A 0 0 0 0 0 0 0 0
248273 0x11B 0 0 0 0 0 0 0 0
248283 0x11C 17 A 2 4 1F 2 1C 5
248293 0x11D 2 8 C 1 2 C 0 0
248303 0x11E 8 0 24 1 1 1 2 2
248313 0x11F 2 24 1 1 0 0 0 0
248323 0x120 0 0 0 1 5 3 1 0
248333 0x121 B 1C 1C 24 0 0 0 0
248343 0x122 0 0 0 0 0 0 0 0
248353 0x123 7 E5 6 3 E 19 E 0
248361 0x2C8 0 0 C8 0 17 17 17 AA
248363 0x124 2 2 6 2 0 0 0 0
248373 0x125 7 E5 6 2 13 2D E 0
248383 0x126 7 E5 6 2 13 2A 5 0
248393 0x127 7 E5 6 2 12 28 35 0
248403 0x128 7 E5 6 2 10 1B 36 0
248413 0x129 0 0 0 0 0 0 0 0
248423 0x12A FD EE 0 0 0 D 0 0
248884 0x2C2 FD EE 0 0 0 D 0 0
249133 0x2C0 4 EE 0 0 0 D 0 0
249425 0x2C8 0 0 0 0 17 17 17 AA
250037 0x2C2 0 0 0 0 17 17 17 AA
250134 0x2C0 5 0 0 0 17 17 17 AA
250428 0x28 0 22 3A 2 0 0 0 0
250437 0x29 64 B4 64 B6 0 0 0 0
250447 0x2A 0 1 FF FF 0 0 0 0
250457 0x2B 0 0 0 0 0 4 0 0
250467 0x2C 0 0 1 1 0 2 0 0
250477 0x2D 0 0 0 0 0 0 0 0
250487 0x2E 0 0 0 0 0 0 0 0
250488 0x2C8 0 0 0 0 17 17 17 AA
250497 0x33 0 8 0 7 0 1C 0 0
250507 0x118 0 21 0 22 8F C5 8F EB
250517 0x119 0 20 0 22 8F AA 8F F5
250527 0x11A 0 0 0 0 0 0 0 0
250537 0x11B 0 0 0 0 0 0 0 0
250547 0x11C 17 A 2 4 1F 2 1C 5
250557 0x11D 2 8 C 1 2 C 0 0
250567 0x11E 8 0 24 1 1 1 2 2
250577 0x11F 2 24 1 1 0 0 0 0
250587 0x120 0 0 0 1 5 3 1 0
250597 0x121 B 1C 1C 24 0 0 0 0
250607 0x122 0 0 0 0 0 0 0 0
250617 0x123 7 E5 6 3 E 19 E 0
250627 0x124 2 2 6 2 0 0 0 0
250637 0x125 7 E5 6 2 13 2D E 0
250647 0x126 7 E5 6 2 13 2A 5 0
250657 0x127 7 E5 6 2 12 28 35 0
250667 0x128 7 E5 6 2 10 1B 36 0
250677 0x129 0 0 0 0 0 0 0 0
250687 0x12A FD EE 0 0 0 E 0 0
251134 0x2C0 4 EE 0 0 0 E 0 0
251190 0x2C2 4 EE 0 0 0 E 0 0
251552 0x2C8 0 0 0 0 17 17 17 AA
252134 0x2C0 5 0 0 0 17 17 17 AA
252343 0x2C2 5 0 0 0 17 17 17 AA
252617 0x2C8 0 0 F9 0 17 17 17 AA
252693 0x28 0 22 3A 2 0 0 0 0
252702 0x29 64 B3 64 B7 0 0 0 0
252712 0x2A 0 1 FF FF 0 0 0 0
252722 0x2B 1 0 0 0 0 4 0 0
252732 0x2C 0 0 1 1 0 2 0 0
252742 0x2D 0 0 0 0 0 0 0 0
252752 0x2E 0 0 0 0 0 0 0 0
252762 0x33 0 8 0 7 0 1C 0 0
252772 0x118 0 21 0 22 8F C5 8F ED
252782 0x119 0 20 0 22 8F AA 8F F8
252792 0x11A 0 0 0 0 0 0 0 0
252802 0x11B 0 0 0 0 0 0 0 0
252812 0x11C 17 A 2 4 1F 2 1C 5
252822 0x11D 2 8 C 1 2 C 0 0
252832 0x11E 8 0 24 1 1 1 2 2
252842 0x11F 2 24 1 1 0 0 0 0
252852 0x120 0 0 0 1 5 3 1 0
252862 0x121 B 1C 1C 24 0 0 0 0
252872 0x122 0 0 0 0 0 0 0 0
252882 0x123 7 E5 6 3 E 19 E 0
252892 0x124 2 2 6 2 0 0 0 0
252902 0x125 7 E5 6 2 13 2D E 0
252912 0x126 7 E5 6 2 13 2A 5 0
252922 0x127 7 E5 6 2 12 28 35 0
252932 0x128 7 E5 6 2 10 1B 36 0
252942 0x129 0 0 0 0 0 0 0 0
252952 0x12A FD EF 0 0 0 D 0 0
253134 0x2C0 4 EF 0 0 0 D 0 0
253496 0x2C2 4 EF 0 0 0 D 0 0
253681 0x2C8 0 0 0 0 17 17 17 AA
254134 0x2C0 5 0 0 0 17 17 17 AA
254649 0x2C2 5 0 0 0 17 17 17 AA
254744 0x2C8 0 0 0 0 17 17 17 AA
254955 0x28 0 22 3A 2 0 0 0 0
254964 0x29 64 B3 64 B6 0 0 0 0
254974 0x2A 0 1 FF FF 0 0 0 0
254984 0x2B 0 0 0 0 0 4 0 0
254994 0x2C 0 0 1 1 0 2 0 0
255005 0x2D 0 0 0 0 0 0 0 0
255014 0x2E 0 0 0 0 0 0 0 0
255024 0x33 0 8 0 7 0 1C 0 0
255034 0x118 0 21 0 22 8F C5 8F E9
255044 0x119 0 20 0 22 8F AA 8F F9
255054 0x11A 0 0 0 0 0 0 0 0
255064 0x11B 0 0 0 0 0 0 0 0
255074 0x11C 17 A 2 4 1F 2 1C 5
255084 0x11D 2 8 C 1 2 C 0 0
255094 0x11E 8 0 24 1 1 1 2 2
255106 0x11F 2 24 1 1 0 0 0 0
255116 0x120 0 0 0 1 5 3 1 0
255126 0x121 B 1C 1C 24 0 0 0 0
255134 0x2C0 4 1C 1C 24 0 0 0 0
255136 0x122 0 0 0 0 0 0 0 0
255146 0x123 7 E5 6 3 E 19 E 0
255156 0x124 2 2 6 2 0 0 0 0
255166 0x125 7 E5 6 2 13 2D E 0
255176 0x126 7 E5 6 2 13 2A 5 0
255186 0x127 7 E5 6 2 12 28 35 0
255196 0x128 7 E5 6 2 10 1B 36 0
255206 0x129 0 0 0 0 0 0 0 0
255216 0x12A FD EF 0 0 0 D 0 0
255802 0x2C2 FD EF 0 0 0 D 0 0
255810 0x2C8 0 0 3A 0 17 17 17 AA
256134 0x2C0 5 0 3A 0 17 17 17 AA
256873 0x2C8 0 0 0 0 17 17 17 AA
256955 0x2C2 0 0 0 0 17 17 17 AA
257134 0x2C0 4 0 0 0 17 17 17 AA
257218 0x28 0 22 3A 2 0 0 0 0
257228 0x29 63 79 63 98 0 0 0 0
257238 0x2A FF 50 FF 71 0 0 0 0
257248 0x2B 1 0 0 0 0 4 0 0
257258 0x2C 0 0 1 1 0 2 0 0
257268 0x2D 0 0 0 0 0 0 0 0
257278 0x2E 0 0 0 0 0 0 0 0
257288 0x33 0 8 0 7 0 1C 0 0
257298 0x118 0 21 0 22 8D FD 8E 4D
257308 0x119 0 20 0 22 8E 1C 8E 96
257318 0x11A 0 0 0 0 0 0 0 0
257328 0x11B 0 0 0 0 0 0 0 0
257338 0x11C 17 A 2 4 1F 2 1C 5
257348 0x11D 2 8 C 1 2 C 0 0
257358 0x11E 8 0 24 1 1 1 2 2
257368 0x11F 2 24 1 1 0 0 0 0
257378 0x120 0 0 0 1 5 3 1 0
257388 0x121 B 1C 1C 24 0 0 0 0
257398 0x122 0 0 0 0 0 0 0 0
257409 0x123 7 E5 6 3 E 19 E 0
257418 0x124 2 2 6 2 0 0 0 0
257428 0x125 7 E5 6 2 13 2D E 0
257438 0x126 7 E5 6 2 13 2A 5 0
257448 0x127 7 E5 6 2 12 28 35 0
257458 0x128 7 E5 6 2 10 1B 36 0
257468 0x129 0 0 0 0 0 0 0 0
257478 0x12A FD EF 0 0 0 D 0 0
257939 0x2C8 0 0 47 1 17 17 17 AA
258108 0x2C2 0 0 47 1 17 17 17 AA
258134 0x2C0 5 0 47 1 17 17 17 AA
259002 0x2C8 0 0 0 0 17 17 17 AA
259134 0x2C0 4 0 0 0 17 17 17 AA
259262 0x2C2 4 0 0 0 17 17 17 AA
259482 0x28 0 22 39 2 0 0 0 0
259492 0x29 63 68 63 81 0 0 0 0
259502 0x2A FF 52 FF 6E 0 0 0 0
259512 0x2B 0 0 0 0 0 4 0 0
259522 0x2C 0 0 1 1 0 2 0 0
259532 0x2D 0 0 0 0 0 0 0 0
259542 0x2E 0 0 0 0 0 0 0 0
259552 0x33 0 8 0 7 0 1C 0 0
259562 0x118 0 21 0 22 8D E5 8E 33
259572 0x119 0 20 0 22 8D FA 8E 77
259582 0x11A 0 0 0 0 0 0 0 0
259592 0x11B 0 0 0 0 0 0 0 0
259602 0x11C 17 A 2 4 1F 2 1C 5
259612 0x11D 2 8 C 1 2 C 0 0
259622 0x11E 8 0 24 1 1 1 2 2
259632 0x11F 2 24 1 1 0 0 0 0
259642 0x120 0 0 0 1 5 3 1 0
259652 0x121 B 1C 1C 24 0 0 0 0
259662 0x122 0 0 0 0 0 0 0 0
259672 0x123 7 E5 6 3 E 19 E 0
259682 0x124 2 2 6 2 0 0 0 0
259692 0x125 7 E5 6 2 13 2D E 0
259702 0x126 7 E5 6 2 13 2A 5 0
259712 0x127 7 E5 6 2 12 28 35 0
259722 0x128 7 E5 6 2 10 1B 36 0
259732 0x129 0 0 0 0 0 0 0 0
259742 0x12A FD EE 0 0 0 E 0 0
260069 0x2C8 0 0 2B 0 16 17 17 AA
260134 0x2C0 5 0 2B 0 16 17 17 AA
260415 0x2C2 5 0 2B 0 16 17 17 AA
261131 0x2C8 0 0 0 0 16 17 17 AA
261134 0x2C0 4 0 0 0 16 17 17 AA
261568 0x2C2 4 0 0 0 16 17 17 AA
261746 0x28 0 22 39 2 0 0 0 0
261756 0x29 63 5E 63 76 0 0 0 0
261766 0x2A FF 53 FF 6E 0 0 0 0
261776 0x2B 1 0 0 0 0 4 0 0
261786 0x2C 0 0 1 1 0 2 0 0
261796 0x2D 0 0 0 0 0 0 0 0
261806 0x2E 0 0 0 0 0 0 0 0
261816 0x33 0 8 0 7 0 1C 0 0
261826 0x118 0 21 0 22 8D D7 8E 24
261836 0x119 0 20 0 22 8D EB 8E 67
261846 0x11A 0 0 0 0 0 0 0 0
261856 0x11B 0 0 0 0 0 0 0 0
261866 0x11C 17 A 2 4 1F 2 1C 5
261876 0x11D 2 8 C 1 2 C 0 0
261886 0x11E 8 0 24 1 1 1 2 2
261896 0x11F 2 24 1 1 0 0 0 0
261906 0x120 0 0 0 1 5 3 1 0
261916 0x121 B 1C 1C 24 0 0 0 0
261926 0x122 0 0 0 0 0 0 0 0
261936 0x123 7 E5 6 3 E 19 E 0
261946 0x124 2 2 6 2 0 0 0 0
261956 0x125 7 E5 6 2 13 2D E 0
261966 0x126 7 E5 6 2 13 2A 5 0
261976 0x127 7 E5 6 2 12 28 35 0
261986 0x128 7 E5 6 2 10 1B 36 0
261996 0x129 0 0 0 0 0 0 0 0
262006 0x12A FD EF 0 0 0 D 0 0
262135 0x2C0 5 EF 0 0 0 D 0 0
262195 0x2C8 0 0 0 0 17 17 17 AA
262721 0x2C2 0 0 0 0 17 17 17 AA
263135 0x2C0 4 0 0 0 17 17 17 AA
263261 0x2C8 0 0 88 0 17 17 17 AA
263874 0x2C2 0 0 88 0 17 17 17 AA
264008 0x28 0 22 38 2 0 0 0 0
264018 0x29 63 56 63 6D 0 0 0 0
264028 0x2A FF 54 FF 6D 0 0 0 0
264038 0x2B 0 0 0 0 0 4 0 0
264048 0x2C 0 0 1 1 0 2 0 0
264058 0x2D 0 0 0 0 0 0 0 0
264068 0x2E 0 0 0 0 0 0 0 0
264078 0x33 0 8 0 7 0 1C 0 0
264088 0x118 0 21 0 22 8D C7 8E 18
264098 0x119 0 20 0 22 8D DE 8E 5A
264108 0x11A 0 0 0 0 0 0 0 0
264120 0x11B 0 0 0 0 0 0 0 0
264130 0x11C 17 A 2 4 1F 2 1C 5
264135 0x2C0 5 A 2 4 1F 2 1C 5
264140 0x11D 2 8 C 1 2 C 0 0
264150 0x11E 8 0 24 1 1 1 2 2
264160 0x11F 2 24 1 1 0 0 0 0
264170 0x120 0 0 0 1 5 3 1 0
264180 0x121 B 1C 1C 24 0 0 0 0
264190 0x122 0 0 0 0 0 0 0 0
264200 0x123 7 E5 6 3 E 19 E 0
264210 0x124 2 2 6 2 0 0 0 0
264220 0x125 7 E5 6 2 13 2D E 0
264230 0x126 7 E5 6 2 13 2A 5 0
264240 0x127 7 E5 6 2 12 28 35 0
264250 0x128 7 E5 6 2 10 1B 36 0
264260 0x129 0 0 0 0 0 0 0 0
264270 0x12A FD EF 0 0 0 D 0 0
264326 0x2C8 0 0 49 0 17 17 17 AA
265027 0x2C2 0 0 49 0 17 17 17 AA
265135 0x2C0 4 0 49 0 17 17 17 AA
265392 0x2C8 0 0 83 0 17 17 17 AA
266135 0x2C0 5 0 83 0 17 17 17 AA
266180 0x2C2 5 0 83 0 17 17 17 AA
266272 0x28 0 22 37 2 0 0 0 0
266282 0x29 63 4C 63 63 0 0 0 0
266292 0x2A FF 54 FF 6D 0 0 0 0
266302 0x2B 1 0 0 0 0 4 0 0
266312 0x2C 0 0 1 1 0 2 0 0
266322 0x2D 0 0 0 0 0 0 0 0
266332 0x2E 0 0 0 0 0 0 0 0
266342 0x33 0 8 0 7 0 1C 0 0
266352 0x118 0 21 0 22 8D BB 8E B
266362 0x119 0 20 0 22 8D D1 8E 4E
266372 0x11A 0 0 0 0 0 0 0 0
266382 0x11B 0 0 0 0 0 0 0 0
266392 0x11C 17 A 2 4 1F 2 1C 5
266402 0x11D 2 8 C 1 2 C 0 0
266412 0x11E 8 0 24 1 1 1 2 2
266422 0x11F 2 24 1 1 0 0 0 0
266432 0x120 0 0 0 1 5 3 1 0
266442 0x121 B 1C 1C 24 0 0 0 0
266452 0x122 0 0 0 0 0 0 0 0
266457 0x2C8 0 0 0 0 17 17 17 AA
266462 0x123 7 E5 6 3 E 19 E 0
266472 0x124 2 2 6 2 0 0 0 0
266482 0x125 7 E5 6 2 13 2D E 0
266492 0x126 7 E5 6 2 13 2A 5 0
266502 0x127 7 E5 6 2 12 28 35 0
266512 0x128 7 E5 6 2 10 1B 36 0
266522 0x129 0 0 0 0 0 0 0 0
266532 0x12A FD EE 0 0 0 E 0 0
267135 0x2C0 4 EE 0 0 0 E 0 0
267334 0x2C2 4 EE 0 0 0 E 0 0
267522 0x2C8 0 0 24 1 16 17 17 AA
268135 0x2C0 5 0 24 1 16 17 17 AA
268487 0x2C2 5 0 24 1 16 17 17 AA
268536 0x28 0 22 36 2 0 0 0 0
268546 0x29 63 40 63 57 0 0 0 0
268556 0x2A FF 55 FF 6C 0 0 0 0
268566 0x2B 0 0 0 0 0 4 0 0
268576 0x2C 0 0 1 1 0 2 0 0
268584 0x2C8 0 0 0 0 17 17 17 AA
268586 0x2D 0 0 0 0 0 0 0 0
268596 0x2E 0 0 0 0 0 0 0 0
268606 0x33 0 8 0 7 0 1C 0 0
268616 0x118 0 21 0 22 8D AC 8D FA
268626 0x119 0 20 0 22 8D C1 8E 3D
268636 0x11A 0 0 0 0 0 0 0 0
268646 0x11B 0 0 0 0 0 0 0 0
268656 0x11C 17 A 2 4 1F 2 1C 5
268666 0x11D 2 8 C 1 2 C 0 0
268676 0x11E 8 0 24 1 1 1 2 2
268686 0x11F 2 24 1 1 0 0 0 0
268696 0x120 0 0 0 1 5 3 1 0
268706 0x121 B 1C 1C 24 0 0 0 0
268716 0x122 0 0 0 0 0 0 0 0
268726 0x123 7 E5 6 3 E 19 E 0
268736 0x124 2 2 6 2 0 0 0 0
268746 0x125 7 E5 6 2 13 2D E 0
268756 0x126 7 E5 6 2 13 2A 5 0
268766 0x127 7 E5 6 2 12 28 35 0
268776 0x128 7 E5 6 2 10 1B 36 0
268786 0x129 0 0 0 0 0 0 0 0
268796 0x12A FD EE 0 0 0 E 0 0
269135 0x2C0 4 EE 0 0 0 E 0 0
269640 0x2C2 4 EE 0 0 0 E 0 0
269648 0x2C8 0 0 0 0 16 17 17 AA
270135 0x2C0 5 0 0 0 16 17 17 AA
270713 0x2C8 0 0 D6 0 16 17 16 AA
270793 0x2C2 0 0 D6 0 16 17 16 AA
270800 0x28 0 22 36 2 0 0 0 0
270810 0x29 63 3A 63 4F 0 0 0 0
270820 0x2A FF 55 FF 6C 0 0 0 0
270830 0x2B 1 0 0 0 0 4 0 0
270840 0x2C 0 0 1 1 0 2 0 0
270850 0x2D 0 0 0 0 0 0 0 0
270860 0x2E 0 0 0 0 0 0 0 0
270870 0x33 0 8 0 7 0 1C 0 0
270880 0x118 0 21 0 22 8D A3 8D F1
270890 0x119 0 20 0 22 8D B4 8E 33
270900 0x11A 0 0 0 0 0 0 0 0
270910 0x11B 0 0 0 0 0 0 0 0
270920 0x11C 17 A 2 4 1F 2 1C 5
270930 0x11D 2 8 C 1 2 C 0 0
270940 0x11E 8 0 24 1 1 1 2 2
270950 0x11F 2 24 1 1 0 0 0 0
270960 0x120 0 0 0 1 5 3 1 0
270970 0x121 B 1C 1C 24 0 0 0 0
270980 0x122 0 0 0 0 0 0 0 0
270990 0x123 7 E5 6 3 E 19 E 0
271000 0x124 2 2 6 2 0 0 0 0
271010 0x125 7 E5 6 2 13 2D E 0
271020 0x126 7 E5 6 2 13 2A 5 0
271030 0x127 7 E5 6 2 12 28 35 0
271040 0x128 7 E5 6 2 10 1B 36 0
271050 0x129 0 0 0 0 0 0 0 0
271060 0x12A FD EE 0 0 0 E 0 0
271135 0x2C0 4 EE 0 0 0 E 0 0
271777 0x2C8 0 0 0 0 16 17 17 AA
271946 0x2C2 0 0 0 0 16 17 17 AA
272135 0x2C0 5 0 0 0 16 17 17 AA
272840 0x2C8 0 0 0 0 17 17 16 AA
273062 0x28 0 22 35 2 0 0 0 0
273071 0x29 63 33 63 49 0 0 0 0
273081 0x2A FF 55 FF 6C 0 0 0 0
273092 0x2B 0 0 0 0 0 4 0 0
273099 0x2C2 0 0 0 0 0 4 0 0
273102 0x2C 0 0 1 1 0 2 0 0
273112 0x2D 0 0 0 0 0 0 0 0
273122 0x2E 0 0 0 0 0 0 0 0
273134 0x33 0 8 0 7 0 1C 0 0
273135 0x2C0 4 8 0 7 0 1C 0 0
273144 0x118 0 21 0 22 8D 97 8D E6
273154 0x119 0 20 0 22 8D AD 8E 2A
273164 0x11A 0 0 0 0 0 0 0 0
273174 0x11B 0 0 0 0 0 0 0 0
273184 0x11C 17 A 2 4 1F 2 1C 5
273194 0x11D 2 8 C 1 2 C 0 0
273204 0x11E 8 0 24 1 1 1 2 2
273214 0x11F 2 24 1 1 0 0 0 0
273224 0x120 0 0 0 1 5 3 1 0
273234 0x121 B 1C 1C 24 0 0 0 0
273244 0x122 0 0 0 0 0 0 0 0
273254 0x123 7 E5 6 3 E 19 E 0
273264 0x124 2 2 6 2 0 0 0 0
273274 0x125 7 E5 6 2 13 2D E 0
273284 0x126 7 E5 6 2 13 2A 5 0
273294 0x127 7 E5 6 2 12 28 35 0
273304 0x128 7 E5 6 2 10 1B 36 0
273314 0x129 0 0 0 0 0 0 0 0
273324 0x12A FD EE 0 0 0 E 0 0
273904 0x2C8 0 0 0 0 16 17 17 AA
274135 0x2C0 5 0 0 0 16 17 17 AA
274252 0x2C2 5 0 0 0 16 17 17 AA
274969 0x2C8 0 0 EB 2 16 17 17 AA
275136 0x2C0 4 0 EB 2 16 17 17 AA
275326 0x28 0 22 34 2 0 0 0 0
275335 0x29 63 2E 63 43 0 0 0 0
275346 0x2A FF 56 FF 6C 0 0 0 0
275356 0x2B 1 0 0 0 0 4 0 0
275366 0x2C 0 0 1 1 0 2 0 0
275376 0x2D 0 0 0 0 0 0 0 0
275386 0x2E 0 0 0 0 0 0 0 0
275396 0x33 0 8 0 7 0 1C 0 0
275405 0x118 0 21 0 22 8D 92 8D DF
275406 0x2C2 0 21 0 22 8D 92 8D DF
275415 0x119 0 20 0 22 8D A5 8E 21
275425 0x11A 0 0 0 0 0 0 0 0
275435 0x11B 0 0 0 0 0 0 0 0
275445 0x11C 17 A 2 4 1F 2 1C 5
275455 0x11D 2 8 C 1 2 C 0 0
275465 0x11E 8 0 24 1 1 1 2 2
275476 0x11F 2 24 1 1 0 0 0 0
275486 0x120 0 0 0 1 5 3 1 0
275496 0x121 B 1C 1C 24 0 0 0 0
275506 0x122 0 0 0 0 0 0 0 0
275516 0x123 7 E5 6 3 E 19 E 0
275526 0x124 2 2 6 2 0 0 0 0
275536 0x125 7 E5 6 2 13 2D E 0
275546 0x126 7 E5 6 2 13 2A 5 0
275556 0x127 7 E5 6 2 12 28 35 0
275566 0x128 7 E5 6 2 10 1B 36 0
275576 0x129 0 0 0 0 0 0 0 0
275586 0x12A FD EF 0 0 0 D 0 0
276036 0x2C8 0 0 B9 0 16 17 17 AA
276136 0x2C0 5 0 B9 0 16 17 17 AA
276558 0x2C2 5 0 B9 0 16 17 17 AA
277100 0x2C8 0 0 0 0 16 17 16 AA
277136 0x2C0 4 0 0 0 16 17 16 AA
277591 0x28 0 22 33 2 0 0 0 0
277600 0x29 63 24 63 39 0 0 0 0
277610 0x2A FF 56 FF 6B 0 0 0 0
277620 0x2B 0 0 0 0 0 4 0 0
277630 0x2C 0 0 1 1 0 2 0 0
277640 0x2D 0 0 0 0 0 0 0 0
277650 0x2E 0 0 0 0 0 0 0 0
277660 0x33 0 8 0 7 0 1C 0 0
277670 0x118 0 21 0 22 8D 83 8D D1
277680 0x119 0 20 0 22 8D 98 8E 15
277690 0x11A 0 0 0 0 0 0 0 0
277701 0x11B 0 0 0 0 0 0 0 0
277710 0x11C 17 A 2 4 1F 2 1C 5
277711 0x2C2 17 A 2 4 1F 2 1C 5
277720 0x11D 2 8 C 1 2 C 0 0
277730 0x11E 8 0 24 1 1 1 2 2
277741 0x11F 2 24 1 1 0 0 0 0
277751 0x120 0 0 0 1 5 3 1 0
277761 0x121 B 1C 1C 24 0 0 0 0
277771 0x122 0 0 0 0 0 0 0 0
277780 0x123 7 E5 6 3 E 19 E 0
277791 0x124 2 2 6 2 0 0 0 0
277801 0x125 7 E5 6 2 13 2D E 0
277811 0x126 7 E5 6 2 13 2A 5 0
277821 0x127 7 E5 6 2 12 28 35 0
277831 0x128 7 E5 6 2 10 1B 36 0
277841 0x129 0 0 0 0 0 0 0 0
277851 0x12A FD EE 0 0 0 D 0 0
278136 0x2C0 5 EE 0 0 0 D 0 0
278165 0x2C8 0 0 73 1 16 17 17 AA
278865 0x2C2 0 0 73 1 16 17 17 AA
279136 0x2C0 4 0 73 1 16 17 17 AA
279227 0x2C8 0 0 0 0 16 17 17 AA
279855 0x28 0 22 33 2 0 0 0 0
279864 0x29 63 20 63 33 0 0 0 0
279874 0x2A FF 56 FF 6B 0 0 0 0
279884 0x2B 1 0 0 0 0 4 0 0
279894 0x2C 0 0 1 1 0 2 0 0
279904 0x2D 0 0 0 0 0 0 0 0
279914 0x2E 0 0 0 0 0 0 0 0
279924 0x33 0 8 0 7 0 1C 0 0
279934 0x118 0 21 0 22 8D 7E 8D CB
279944 0x119 0 20 0 22 8D 91 8E D
279954 0x11A 0 0 0 0 0 0 0 0
279964 0x11B 0 0 0 0 0 0 0 0
279974 0x11C 17 A 2 4 1F 2 1C 5
279984 0x11D 2 8 C 1 2 C 0 0
279994 0x11E 8 0 24 1 1 1 2 2
280004 0x11F 2 24 1 1 0 0 0 0
280014 0x120 0 0 0 1 5 3 1 0
280017 0x2C2 0 0 0 1 5 3 1 0
280024 0x121 B 1C 1C 24 0 0 0 0
280035 0x122 0 0 0 0 0 0 0 0
280044 0x123 7 E5 6 3 E 19 E 0
280054 0x124 2 2 6 2 0 0 0 0
280064 0x125 7 E5 6 2 13 2D E 0
280074 0x126 7 E5 6 2 13 2A 5 0
280084 0x127 7 E5 6 2 12 28 35 0
280094 0x128 7 E5 6 2 10 1B 36 0
280105 0x129 0 0 0 0 0 0 0 0
280115 0x12A FD EE 0 0 0 E 0 0
280136 0x2C0 5 EE 0 0 0 E 0 0
280291 0x2C8 0 0 0 0 16 17 16 AA
281136 0x2C0 4 0 0 0 16 17 16 AA
281171 0x2C2 4 0 0 0 16 17 16 AA
281355 0x2C8 0 0 0 0 17 17 17 AA
282118 0x28 0 22 33 2 0 0 0 0
282127 0x29 63 1C 63 30 0 0 0 0
282136 0x2C0 5 1C 63 30 0 0 0 0
282137 0x2A FF 56 FF 6B 0 0 0 0
282149 0x2B 0 0 0 0 0 4 0 0
282159 0x2C 0 0 1 1 0 2 0 0
282169 0x2D 0 0 0 0 0 0 0 0
282179 0x2E 0 0 0 0 0 0 0 0
282189 0x33 0 8 0 7 0 1C 0 0
282199 0x118 0 21 0 22 8D 79 8D C3
282209 0x119 0 20 0 22 8D 8B 8E 7
282220 0x11A 0 0 0 0 0 0 0 0
282229 0x11B 0 0 0 0 0 0 0 0
282239 0x11C 17 A 2 4 1F 2 1C 5
282249 0x11D 2 8 C 1 2 C 0 0
282259 0x11E 8 0 24 1 1 1 2 2
282269 0x11F 2 24 1 1 0 0 0 0
282280 0x120 0 0 0 1 5 3 1 0
282290 0x121 B 1C 1C 24 0 0 0 0
282300 0x122 0 0 0 0 0 0 0 0
282309 0x123 7 E5 6 3 E 19 E 0
282320 0x124 2 2 6 2 0 0 0 0
282324 0x2C2 2 2 6 2 0 0 0 0
282329 0x125 7 E5 6 2 13 2D E 0
282340 0x126 7 E5 6 2 13 2A 5 0
282350 0x127 7 E5 6 2 12 28 35 0
282360 0x128 7 E5 6 2 10 1B 36 0
282370 0x129 0 0 0 0 0 0 0 0
282380 0x12A FD EE 0 0 0 E 0 0
282418 0x2C8 0 0 0 0 17 17 17 AA
283136 0x2C0 4 0 0 0 17 17 17 AA
283477 0x2C2 4 0 0 0 17 17 17 AA
283484 0x2C8 0 0 EA 0 16 17 17 AA
284136 0x2C0 5 0 EA 0 16 17 17 AA
284382 0x28 0 22 32 2 0 0 0 0
284391 0x29 63 16 63 2B 0 0 0 0
284401 0x2A FF 56 FF 6B 0 0 0 0
284411 0x2B 1 0 0 0 0 4 0 0
284421 0x2C 0 0 1 1 0 2 0 0
284431 0x2D 0 0 0 0 0 0 0 0
284441 0x2E 0 0 0 0 0 0 0 0
284451 0x33 0 8 0 7 0 1C 0 0
284461 0x118 0 21 0 22 8D 6E 8D BD
284471 0x119 0 20 0 22 8D 83 8E 1
284481 0x11A 0 0 0 0 0 0 0 0
284491 0x11B 0 0 0 0 0 0 0 0
284501 0x11C 17 A 2 4 1F 2 1C 5
284511 0x11D 2 8 C 1 2 C 0 0
284521 0x11E 8 0 24 1 1 1 2 2
284531 0x11F 2 24 1 1 0 0 0 0
284541 0x120 0 0 0 1 5 3 1 0
284547 0x2C8 0 0 0 0 16 17 17 AA
284552 0x121 B 1C 1C 24 0 0 0 0
284561 0x122 0 0 0 0 0 0 0 0
284571 0x123 7 E5 6 3 E 19 E 0
284581 0x124 2 2 6 2 0 0 0 0
284591 0x125 7 E5 6 2 13 2D E 0
284601 0x126 7 E5 6 2 13 2A 5 0
284611 0x127 7 E5 6 2 12 28 35 0
284621 0x128 7 E5 6 2 10 1B 36 0
284630 0x2C2 7 E5 6 2 10 1B 36 0
284631 0x129 0 0 0 0 0 0 0 0
284641 0x12A FD EF 0 0 0 D 0 0
285136 0x2C0 4 EF 0 0 0 D 0 0
285613 0x2C8 0 0 2E 1 16 17 16 AA
285783 0x2C2 0 0 2E 1 16 17 16 AA
286136 0x2C0 5 0 2E 1 16 17 16 AA
286646 0x28 0 22 31 2 0 0 0 0
286655 0x29 63 10 63 24 0 0 0 0
286665 0x2A FF 57 FF 6B 0 0 0 0
286675 0x2B 0 0 0 0 0 4 0 0
286678 0x2C8 0 0 7C 1 16 17 16 AA
286685 0x2C 0 0 1 1 0 2 0 0
286695 0x2D 0 0 0 0 0 0 0 0
286705 0x2E 0 0 0 0 0 0 0 0
286715 0x33 0 8 0 7 0 1C 0 0
286725 0x118 0 21 0 22 8D 67 8D B4
286735 0x119 0 20 0 22 8D 79 8D F7
286745 0x11A 0 0 0 0 0 0 0 0
286755 0x11B 0 0 0 0 0 0 0 0
286765 0x11C 17 A 2 4 1F 2 1C 5
286775 0x11D 2 8 C 1 2 C 0 0
286785 0x11E 8 0 24 1 1 1 2 2
286795 0x11F 2 24 1 1 0 0 0 0
286805 0x120 0 0 0 1 5 3 1 0
286815 0x121 B 1C 1C 24 0 0 0 0
286825 0x122 0 0 0 0 0 0 0 0
286835 0x123 7 E5 6 3 E 19 E 0
286845 0x124 2 2 6 2 0 0 0 0
286855 0x125 7 E5 6 2 13 2D E 0
286865 0x126 7 E5 6 2 13 2A 5 0
286875 0x127 7 E5 6 2 12 28 35 0
286885 0x128 7 E5 6 2 10 1B 36 0
286895 0x129 0 0 0 0 0 0 0 0
286905 0x12A FD EF 0 1 0 E 0 0
286936 0x2C2 FD EF 0 1 0 E 0 0
287137 0x2C0 4 EF 0 1 0 E 0 0
287742 0x2C8 0 0 0 0 16 17 16 AA
288089 0x2C2 0 0 0 0 16 17 16 AA
288137 0x2C0 5 0 0 0 16 17 16 AA
288805 0x2C8 0 0 0 0 16 17 17 AA
288910 0x28 0 22 31 2 0 0 0 0
288919 0x29 63 B 63 21 0 0 0 0
288929 0x2A FF 56 FF 6B 0 0 0 0
288939 0x2B 1 0 0 0 0 4 0 0
288949 0x2C 0 0 1 1 0 2 0 0
288959 0x2D 0 0 0 0 0 0 0 0
288969 0x2E 0 0 0 0 0 0 0 0
288979 0x33 0 8 0 7 0 1C 0 0
288989 0x118 0 21 0 22 8D 5E 8D AD
288999 0x119 0 20 0 22 8D 74 8D F1
289009 0x11A 0 0 0 0 0 0 0 0
289019 0x11B 0 0 0 0 0 0 0 0
289029 0x11C 17 A 2 4 1F 2 1C 5
289039 0x11D 2 8 C 1 2 C 0 0
289049 0x11E 8 0 24 1 1 1 2 2
289059 0x11F 2 24 1 1 0 0 0 0
289069 0x120 0 0 0 1 5 3 1 0
289079 0x121 B 1C 1C 24 0 0 0 0
289089 0x122 0 0 0 0 0 0 0 0
289099 0x123 7 E5 6 3 E 19 E 0
289109 0x124 2 2 6 2 0 0 0 0
289119 0x125 7 E5 6 2 13 2D E 0
289129 0x126 7 E5 6 2 13 2A 5 0
289137 0x2C0 4 E5 6 2 13 2A 5 0
289139 0x127 7 E5 6 2 12 28 35 0
289149 0x128 7 E5 6 2 10 1B 36 0
289159 0x129 0 0 0 0 0 0 0 0
289169 0x12A FD EE 0 1 0 E 0 0
289243 0x2C2 FD EE 0 1 0 E 0 0
289872 0x2C8 0 0 A1 0 17 17 17 AA
290137 0x2C0 5 0 A1 0 17 17 17 AA
290396 0x2C2 5 0 A1 0 17 17 17 AA
290936 0x2C8 0 0 0 0 17 17 17 AA
291137 0x2C0 4 0 0 0 17 17 17 AA
291174 0x28 0 22 31 2 0 0 0 0
291183 0x29 63 9 63 1C 0 0 0 0
291193 0x2A FF 56 FF 6A 0 0 0 0
291203 0x2B 0 0 0 0 0 4 0 0
291213 0x2C 0 0 1 1 0 2 0 0
291223 0x2D 0 0 0 0 0 0 0 0
291233 0x2E 0 0 0 0 0 0 0 0
291243 0x33 0 8 0 7 0 1C 0 0
291253 0x118 0 21 0 22 8D 5C 8D A9
291263 0x119 0 20 0 22 8D 6F 8D EC
291273 0x11A 0 0 0 0 0 0 0 0
291283 0x11B 0 0 0 0 0 0 0 0
291293 0x11C 17 A 2 4 1F 2 1C 5
291303 0x11D 2 8 C 1 2 C 0 0
291313 0x11E 8 0 24 1 1 1 2 2
291323 0x11F 2 24 1 1 0 0 0 0
291333 0x120 0 0 0 1 5 3 1 0
291343 0x121 B 1C 1C 24 0 0 0 0
291353 0x122 0 0 0 0 0 0 0 0
291363 0x123 7 E5 6 3 E 19 E 0
291373 0x124 2 2 6 2 0 0 0 0
291383 0x125 7 E5 6 2 13 2D E 0
291393 0x126 7 E5 6 2 13 2A 5 0
291403 0x127 7 E5 6 2 12 28 35 0
291413 0x128 7 E5 6 2 10 1B 36 0
291423 0x129 0 0 0 0 0 0 0 0
291433 0x12A FD EE 0 0 0 D 0 0
291549 0x2C2 FD EE 0 0 0 D 0 0
291999 0x2C8 0 0 C 1 16 17 17 AA
292137 0x2C0 5 0 C 1 16 17 17 AA
292702 0x2C2 5 0 C 1 16 17 17 AA
293066 0x2C8 0 0 24 1 16 17 17 AA
293137 0x2C0 4 0 24 1 16 17 17 AA
293435 0x28 0 22 30 2 0 0 0 0
293445 0x29 63 4 63 16 0 0 0 0
293455 0x2A FF 57 FF 6A 0 0 0 0
293465 0x2B 1 0 0 0 0 4 0 0
293475 0x2C 0 0 1 1 0 2 0 0
293485 0x2D 0 0 0 0 0 0 0 0
293495 0x2E 0 0 0 0 0 0 0 0
293505 0x33 0 8 0 7 0 1C 0 0
293515 0x118 0 21 0 22 8D 52 8D A1
293525 0x119 0 20 0 22 8D 64 8D E3
293535 0x11A 0 0 0 0 0 0 0 0
293545 0x11B 0 0 0 0 0 0 0 0
293555 0x11C 17 A 2 4 1F 2 1C 5
293565 0x11D 2 8 C 1 2 C 0 0
293575 0x11E 8 0 24 1 1 1 2 2
293585 0x11F 2 24 1 1 0 0 0 0
293595 0x120 0 0 0 1 5 3 1 0
293605 0x121 B 1C 1C 24 0 0 0 0
293615 0x122 0 0 0 0 0 0 0 0
293625 0x123 7 E5 6 3 E 19 E 0
293635 0x124 2 2 6 2 0 0 0 0
293645 0x125 7 E5 6 2 13 2D E 0
293655 0x126 7 E5 6 2 13 2A 5 0
293665 0x127 7 E5 6 2 12 28 35 0
293675 0x128 7 E5 6 2 10 1B 36 0
293685 0x129 0 0 0 0 0 0 0 0
293695 0x12A FD EE 0 0 0 D 0 0
293855 0x2C2 FD EE 0 0 0 D 0 0
294131 0x2C8 0 0 61 0 16 17 17 AA
294137 0x2C0 5 0 61 0 16 17 17 AA
295008 0x2C2 5 0 61 0 16 17 17 AA
295137 0x2C0 4 0 61 0 16 17 17 AA
295196 0x2C8 0 0 EA 0 17 17 17 AA
295700 0x28 0 22 30 2 0 0 0 0
295709 0x29 63 0 63 13 0 0 0 0
295719 0x2A FF 57 FF 6A 0 0 0 0
295729 0x2B 0 0 0 0 0 4 0 0
295739 0x2C 0 0 1 1 0 2 0 0
295749 0x2D 0 0 0 0 0 0 0 0
295759 0x2E 0 0 0 0 0 0 0 0
295769 0x33 0 8 0 7 0 1C 0 0
295779 0x118 0 21 0 22 8D 50 8D 9B
295789 0x119 0 20 0 22 8D 61 8D DE
295799 0x11A 0 0 0 0 0 0 0 0
295809 0x11B 0 0 0 0 0 0 0 0
295819 0x11C 17 A 2 4 1F 2 1C 5
295829 0x11D 2 8 C 1 2 C 0 0
295839 0x11E 8 0 24 1 1 1 2 2
295849 0x11F 2 24 1 1 0 0 0 0
295859 0x120 0 0 0 1 5 3 1 0
295869 0x121 B 1C 1C 24 0 0 0 0
295879 0x122 0 0 0 0 0 0 0 0
295889 0x123 7 E5 6 3 E 19 E 0
295899 0x124 2 2 6 2 0 0 0 0
295909 0x125 7 E5 6 2 13 2D E 0
295919 0x126 7 E5 6 2 13 2A 5 0
295929 0x127 7 E5 6 2 12 28 35 0
295939 0x128 7 E5 6 2 10 1B 36 0
295949 0x129 0 0 0 0 0 0 0 0
295959 0x12A FD EE 0 1 0 D 0 0
296137 0x2C0 5 EE 0 1 0 D 0 0
296161 0x2C2 5 EE 0 1 0 D 0 0
296259 0x2C8 0 0 0 0 17 17 17 AA
297137 0x2C0 4 0 0 0 17 17 17 AA
297314 0x2C2 4 0 0 0 17 17 17 AA
297323 0x2C8 0 0 0 0 16 17 17 AA
297964 0x28 0 22 30 2 0 0 0 0
297974 0x29 62 FC 63 F 0 0 0 0
297984 0x2A FF 57 FF 6A 0 0 0 0
297994 0x2B 1 0 0 0 0 4 0 0
298004 0x2C 0 0 1 1 0 2 0 0
298014 0x2D 0 0 0 0 0 0 0 0
298024 0x2E 0 0 0 0 0 0 0 0
298034 0x33 0 8 0 7 0 1C 0 0
298044 0x118 0 21 0 22 8D 49 8D 97
298054 0x119 0 20 0 22 8D 5A 8D DA
298064 0x11A 0 0 0 0 0 0 0 0
298074 0x11B 0 0 0 0 0 0 0 0
298084 0x11C 17 A 2 4 1F 2 1C 5
298094 0x11D 2 8 C 1 2 C 0 0
298104 0x11E 8 0 24 1 1 1 2 2
298114 0x11F 2 24 1 1 0 0 0 0
298124 0x120 0 0 0 1 5 3 1 0
298134 0x121 B 1C 1C 24 0 0 0 0
298137 0x2C0 5 1C 1C 24 0 0 0 0
298144 0x122 0 0 0 0 0 0 0 0
298154 0x123 7 E5 6 3 E 19 E 0
298164 0x124 2 2 6 2 0 0 0 0
298174 0x125 7 E5 6 2 13 2D E 0
298184 0x126 7 E5 6 2 13 2A 5 0
298194 0x127 7 E5 6 2 12 28 35 0
298204 0x128 7 E5 6 2 10 1B 36 0
298214 0x129 0 0 0 0 0 0 0 0
298224 0x12A FD EF 0 0 0 E 0 0
298388 0x2C8 0 0 A1 0 16 17 17 AA
298467 0x2C2 0 0 A1 0 16 17 17 AA
299137 0x2C0 4 0 A1 0 16 17 17 AA
299452 0x2C8 0 0 0 0 17 17 17 AA
299620 0x2C2 0 0 0 0 17 17 17 AA
300137 0x2C0 5 0 0 0 17 17 17 AA
300228 0x28 0 22 2F 2 0 0 0 0
300238 0x29 62 F9 63 D 0 0 0 0
300248 0x2A FF 57 FF 6A 0 0 0 0
300258 0x2B 0 0 0 0 0 4 0 0
300268 0x2C 0 0 1 1 0 2 0 0
300278 0x2D 0 0 0 0 0 0 0 0
300288 0x2E 0 0 0 0 0 0 0 0
300298 0x33 0 8 0 7 0 1C 0 0
300308 0x118 0 21 0 22 8D 48 8D 91
300318 0x119 0 20 0 22 8D 57 8D D5
300328 0x11A 0 0 0 0 0 0 0 0
300338 0x11B 0 0 0 0 0 0 0 0
300348 0x11C 17 A 2 4 1F 2 1C 5
300358 0x11D 2 8 C 1 2 C 0 0
300368 0x11E 8 0 24 1 1 1 2 2
300378 0x11F 2 24 1 1 0 0 0 0
300388 0x120 0 0 0 1 5 3 1 0
300398 0x121 B 1C 1C 24 0 0 0 0
300408 0x122 0 0 0 0 0 0 0 0
300418 0x123 7 E5 6 3 E 19 E 0
300428 0x124 2 2 6 2 0 0 0 0
300438 0x125 7 E5 6 2 13 2D E 0
300448 0x126 7 E5 6 2 13 2A 5 0
300458 0x127 7 E5 6 2 12 28 35 0
300468 0x128 7 E5 6 2 10 1B 36 0
300478 0x129 0 0 0 0 0 0 0 0
300488 0x12A FD EE 0 0 0 D 0 0
300516 0x2C8 0 0 0 0 17 17 17 AA
300774 0x2C2 0 0 0 0 17 17 17 AA
301137 0x2C0 4 0 0 0 17 17 17 AA
301581 0x2C8 0 0 2 1 16 17 17 AA
301927 0x2C2 0 0 2 1 16 17 17 AA
302138 0x2C0 5 0 2 1 16 17 17 AA
302490 0x28 0 22 2F 2 0 0 0 0
302500 0x29 62 F3 63 9 0 0 0 0
302510 0x2A FF 57 FF 6A 0 0 0 0
302520 0x2B 1 0 0 0 0 4 0 0
302530 0x2C 0 0 1 1 0 2 0 0
302540 0x2D 0 0 0 0 0 0 0 0
302550 0x2E 0 0 0 0 0 0 0 0
302560 0x33 0 8 0 7 0 1C 0 0
302570 0x118 0 21 0 22 8D 3E 8D 8C
302580 0x119 0 20 0 22 8D 56 8D D1
302590 0x11A 0 0 0 0 0 0 0 0
302600 0x11B 0 0 0 0 0 0 0 0
302610 0x11C 17 A 2 4 1F 2 1C 5
302620 0x11D 2 8 C 1 2 C 0 0
302630 0x11E 8 0 24 1 1 1 2 2
302640 0x11F 2 24 1 1 0 0 0 0
302649 0x2C8 0 0 27 0 16 17 17 AA
302650 0x120 0 0 0 1 5 3 1 0
302660 0x121 B 1C 1C 24 0 0 0 0
302670 0x122 0 0 0 0 0 0 0 0
302680 0x123 7 E5 6 3 E 19 E 0
302690 0x124 2 2 6 2 0 0 0 0
302700 0x125 7 E5 6 2 13 2D E 0
302710 0x126 7 E5 6 2 13 2A 5 0
302720 0x127 7 E5 6 2 12 28 35 0
302730 0x128 7 E5 6 2 10 1B 36 0
302740 0x129 0 0 0 0 0 0 0 0
302750 0x12A FD EE 0 0 0 D 0 0
303080 0x2C2 FD EE 0 0 0 D 0 0
303138 0x2C0 4 EE 0 0 0 D 0 0
303712 0x2C8 0 0 95 1 17 17 17 AA
304138 0x2C0 5 0 95 1 17 17 17 AA
304234 0x2C2 5 0 95 1 17 17 17 AA
304755 0x28 0 22 2F 2 0 0 0 0
304765 0x29 62 F2 63 5 0 0 0 0
304775 0x2A FF 57 FF 6A 0 0 0 0
304776 0x2C8 0 0 0 0 17 17 16 AA
304785 0x2B 0 0 0 0 0 4 0 0
304795 0x2C 0 0 1 1 0 2 0 0
304805 0x2D 0 0 0 0 0 0 0 0
304815 0x2E 0 0 0 0 0 0 0 0
304825 0x33 0 8 0 7 0 1C 0 0
304835 0x118 0 21 0 22 8D 3D 8D 88
304845 0x119 0 20 0 22 8D 4F 8D CC
304855 0x11A 0 0 0 0 0 0 0 0
304865 0x11B 0 0 0 0 0 0 0 0
304875 0x11C 17 A 2 4 1F 2 1C 5
304885 0x11D 2 8 C 1 2 C 0 0
304895 0x11E 8 0 24 1 1 1 2 2
304905 0x11F 2 24 1 1 0 0 0 0
304915 0x120 0 0 0 1 5 3 1 0
304925 0x121 B 1C 1C 24 0 0 0 0
304935 0x122 0 0 0 0 0 0 0 0
304945 0x123 7 E5 6 3 E 19 E 0
304955 0x124 2 2 6 2 0 0 0 0
304965 0x125 7 E5 6 2 13 2D E 0
304975 0x126 7 E5 6 2 13 2A 5 0
304985 0x127 7 E5 6 2 12 28 35 0
304995 0x128 7 E5 6 2 10 1B 36 0
305005 0x129 0 0 0 0 0 0 0 0
305015 0x12A FD EE 0 0 0 E 0 0
305138 0x2C0 4 EE 0 0 0 E 0 0
305386 0x2C2 4 EE 0 0 0 E 0 0
305841 0x2C8 0 0 11 1 16 17 17 AA
306138 0x2C0 5 0 11 1 16 17 17 AA
306540 0x2C2 5 0 11 1 16 17 17 AA
306904 0x2C8 0 0 0 0 16 17 17 AA
307019 0x28 0 22 2F 2 0 0 0 0
307028 0x29 62 F1 63 5 0 0 0 0
307039 0x2A FF 57 FF 6A 0 0 0 0
307049 0x2B 1 0 0 0 0 4 0 0
307059 0x2C 0 0 1 1 0 2 0 0
307069 0x2D 0 0 0 0 0 0 0 0
307079 0x2E 0 0 0 0 0 0 0 0
307089 0x33 0 8 0 7 0 1C 0 0
307099 0x118 0 21 0 22 8D 3C 8D 85
307109 0x119 0 20 0 22 8D 4E 8D C9
307119 0x11A 0 0 0 0 0 0 0 0
307129 0x11B 0 0 0 0 0 0 0 0
307138 0x2C0 4 0 0 0 0 0 0 0
307139 0x11C 17 A 2 4 1F 2 1C 5
307149 0x11D 2 8 C 1 2 C 0 0
307159 0x11E 8 0 24 1 1 1 2 2
307169 0x11F 2 24 1 1 0 0 0 0
307179 0x120 0 0 0 1 5 3 1 0
307189 0x121 B 1C 1C 24 0 0 0 0
307199 0x122 0 0 0 0 0 0 0 0
307209 0x123 7 E5 6 3 E 19 E 0
307219 0x124 2 2 6 2 0 0 0 0
307229 0x125 7 E5 6 2 13 2D E 0
307239 0x126 7 E5 6 2 13 2A 5 0
307249 0x127 7 E5 6 2 12 28 35 0
307259 0x128 7 E5 6 2 10 1B 36 0
307269 0x129 0 0 0 0 0 0 0 0
307279 0x12A FD EE 0 0 0 D 0 0
307692 0x2C2 FD EE 0 0 0 D 0 0
307968 0x2C8 0 0 0 0 17 17 17 AA
308138 0x2C0 5 0 0 0 17 17 17 AA
308845 0x2C2 5 0 0 0 17 17 17 AA
309033 0x2C8 0 0 A1 0 17 17 17 AA
309138 0x2C0 4 0 A1 0 17 17 17 AA
309285 0x28 0 22 2E 2 0 0 0 0
309294 0x29 62 ED 63 1 0 0 0 0
309305 0x2A FF 57 FF 6A 0 0 0 0
309315 0x2B 0 0 0 0 0 4 0 0
309325 0x2C 0 0 1 1 0 2 0 0
309335 0x2D 0 0 0 0 0 0 0 0
309345 0x2E 0 0 0 0 0 0 0 0
309355 0x33 0 8 0 7 0 1C 0 0
309365 0x118 0 21 0 22 8D 33 8D 81
309375 0x119 0 20 0 22 8D 48 8D C5
309385 0x11A 0 0 0 0 0 0 0 0
309395 0x11B 0 0 0 0 0 0 0 0
309405 0x11C 17 A 2 4 1F 2 1C 5
309415 0x11D 2 8 C 1 2 C 0 0
309425 0x11E 8 0 24 1 1 1 2 2
309435 0x11F 2 24 1 1 0 0 0 0
309445 0x120 0 0 0 1 5 3 1 0
309455 0x121 B 1C 1C 24 0 0 0 0
309465 0x122 0 0 0 0 0 0 0 0
309475 0x123 7 E5 6 3 E 19 E 0
309485 0x124 2 2 6 2 0 0 0 0
309495 0x125 7 E5 6 2 13 2D E 0
309505 0x126 7 E5 6 2 13 2A 5 0
309515 0x127 7 E5 6 2 12 28 35 0
309525 0x128 7 E5 6 2 10 1B 36 0
309535 0x129 0 0 0 0 0 0 0 0
309545 0x12A FD EF 0 1 0 E 0 0
309998 0x2C2 FD EF 0 1 0 E 0 0
310098 0x2C8 0 0 0 0 17 17 17 AA
310138 0x2C0 5 0 0 0 17 17 17 AA
311138 0x2C0 4 0 0 0 17 17 17 AA
311152 0x2C2 4 0 0 0 17 17 17 AA
311164 0x2C8 0 0 20 1 17 17 17 AA
311547 0x28 0 22 2E 2 0 0 0 0
311556 0x29 62 E9 62 FD 0 0 0 0
311566 0x2A FF 57 FF 6A 0 0 0 0
311576 0x2B 1 0 0 0 0 4 0 0
311586 0x2C 0 0 1 1 0 2 0 0
311596 0x2D 0 0 0 0 0 0 0 0
311606 0x2E 0 0 0 0 0 0 0 0
311616 0x33 0 8 0 7 0 1C 0 0
311626 0x118 0 21 0 22 8D 2D 8D 7B
311636 0x119 0 20 0 22 8D 43 8D BF
311647 0x11A 0 0 0 0 0 0 0 0
311657 0x11B 0 0 0 0 0 0 0 0
311667 0x11C 17 A 2 4 1F 2 1C 5
311677 0x11D 2 8 C 1 2 C 0 0
311687 0x11E 8 0 24 1 1 1 2 2
311697 0x11F 2 24 1 1 0 0 0 0
311707 0x120 0 0 0 1 5 3 1 0
311717 0x121 B 1C 1C 24 0 0 0 0
311727 0x122 0 0 0 0 0 0 0 0
311737 0x123 7 E5 6 3 E 19 E 0
311747 0x124 2 2 6 2 0 0 0 0
311757 0x125 7 E5 6 2 13 2D E 0
311767 0x126 7 E5 6 2 13 2A 5 0
311777 0x127 7 E5 6 2 12 28 35 0
311787 0x128 7 E5 6 2 10 1B 36 0
311797 0x129 0 0 0 0 0 0 0 0
311807 0x12A FD EF 0 1 0 E 0 0
312138 0x2C0 5 EF 0 1 0 E 0 0
312229 0x2C8 0 0 E5 0 17 17 17 AA
312305 0x2C2 0 0 E5 0 17 17 17 AA
